Index, relative energy, directory 
[('ref', 'ref'), 'ref', -76.408793347022, 1]
[(0, 0), 'plus', -76.408679142277, 2]
[(0, 0), 'minus', -76.408871148713, 3]
[(0, 1), 'plus', -76.408650600287, 4]
[(0, 1), 'minus', -76.408843769597, 5]
[(0, 2), 'plus', -76.408770406232, 6]
[(0, 2), 'minus', -76.408781576165, 7]
[(1, 1), 'plus', -76.408765391572, 8]
[(1, 1), 'minus', -76.408765391583, 9]
[(1, 2), 'plus', -76.408838294805, 10]
[(1, 2), 'minus', -76.408656816558, 11]
[(2, 2), 'plus', -76.408865826436, 12]
[(2, 2), 'minus', -76.408685200596, 13]
