ZMAT begin
2 3
2 4
2 5
3 2 4
4 2 5
5 2 3
3 2 4 5 O
4 2 5 3 O
5 2 3 4 O
ZMAT end

cart begin
     X         -1.97361062    -0.00000000     0.00000000
     SI        -0.08388410    -0.00000000     0.00000000
     H          0.77619935    -1.33746114    -2.31655065
     H          0.77619935     2.67492229     0.00000000
     H          0.77619935    -1.33746114     2.31655065
---
     X         -1.97286216    -0.00000000    -0.00000000
     SI        -0.08313564    -0.00000000    -0.00000000
     H          0.76927368    -1.33284055    -2.30854755
     H          0.76927368     2.66568110     0.00000000
     H          0.76927368    -1.33284055     2.30854755
cart end 
