    3    9
       -0.0028930995        0.0000000000        0.0000000000
        0.0040787243        0.0000000000       -0.0000000000
       -0.0011856248        0.0000000000        0.0000000000
        0.0000000000        0.3843347093       -0.2469030561
        0.0000000000       -0.3519875755        0.2137162837
        0.0000000000       -0.0323471339        0.0331867723
        0.0000000000       -0.2469030561        0.2300900355
        0.0000000000        0.2800898284       -0.2412939606
        0.0000000000       -0.0331867723        0.0112039252
        0.0040787243        0.0000000000        0.0000000000
       -0.0081574486        0.0000000000        0.0000000000
        0.0040787243        0.0000000000        0.0000000000
        0.0000000000       -0.3519875755        0.2800898284
        0.0000000000        0.7039751509        0.0000000000
        0.0000000000       -0.3519875755       -0.2800898284
       -0.0000000000        0.2137162837       -0.2412939606
        0.0000000000        0.0000000000        0.4825879213
       -0.0000000000       -0.2137162837       -0.2412939606
       -0.0011856248        0.0000000000        0.0000000000
        0.0040787243        0.0000000000       -0.0000000000
       -0.0028930995        0.0000000000        0.0000000000
        0.0000000000       -0.0323471339       -0.0331867723
        0.0000000000       -0.3519875755       -0.2137162837
        0.0000000000        0.3843347093        0.2469030561
        0.0000000000        0.0331867723        0.0112039252
        0.0000000000       -0.2800898284       -0.2412939606
        0.0000000000        0.2469030561        0.2300900355
