    1    1                  4.7575578524
    2    1                  0.1296675226
    2    2                  4.6984756404
    3    1                  0.2070493692
    3    2                  0.2857357011
    3    3                  4.0264028510
    4    1                  0.0226841783
    4    2                 -0.0272780009
    4    3                  0.4720800564
    4    4                  6.2256652010
    5    1                  0.0191073040
    5    2                 -0.0022073342
    5    3                 -0.0079095317
    5    4                  0.0030239805
    5    5                  5.3574735615
    6    1                  0.0393947053
    6    2                 -0.0017026535
    6    3                 -0.0017907323
    6    4                  0.0024397328
    6    5                  0.0152815929
    6    6                  5.3721215541
    7    1                  0.0502005375
    7    2                  0.0052244586
    7    3                 -0.0010246847
    7    4                 -0.0020619707
    7    5                  0.0140944447
    7    6                  0.0168996964
    7    7                  5.3344139128
    8    1                  0.0548518482
    8    2                  0.0728827392
    8    3                  0.0860605193
    8    4                 -0.0070975665
    8    5                  0.0079144065
    8    6                  0.0083368038
    8    7                 -0.0090839000
    8    8                  5.2253687408
    9    1                 -0.0001976440
    9    2                  0.0215878674
    9    3                  0.0062699747
    9    4                 -0.0194932015
    9    5                  0.0091686193
    9    6                 -0.0006703377
    9    7                 -0.0012415074
    9    8                  0.0087567327
    9    9                  5.3363092209
   10    1                  0.0052642950
   10    2                  0.0542256691
   10    3                  0.0109023074
   10    4                  0.0061297319
   10    5                 -0.0009076673
   10    6                 -0.0033173385
   10    7                  0.0078755229
   10    8                 -0.0070948106
   10    9                  0.0139009296
   10   10                  5.3202177755
   11    1                 -0.0018802494
   11    2                  0.0330132491
   11    3                 -0.0313086751
   11    4                  0.0073266136
   11    5                 -0.0009248111
   11    6                  0.0031054491
   11    7                 -0.0022313751
   11    8                  0.0043881447
   11    9                  0.0136475202
   11   10                  0.0134444868
   11   11                  5.4193139637
   12    1                  0.2075079963
   12    2                  0.0982075636
   12    3                 -0.3150762860
   12    4                 -0.0519114679
   12    5                 -0.0449247106
   12    6                  0.0674435591
   12    7                 -0.0068624622
   12    8                 -0.0987672969
   12    9                 -0.0167266008
   12   10                 -0.0630916748
   12   11                  0.0791972496
   12   12                  1.6433783813
   13    1                 -0.1218831816
   13    2                  0.1354128380
   13    3                  0.3326782538
   13    4                 -0.1554372155
   13    5                 -0.0252538847
   13    6                  0.0238782984
   13    7                  0.0072559094
   13    8                 -0.0567992150
   13    9                  0.0720544932
   13   10                 -0.0471006635
   13   11                 -0.0514782110
   13   12                  0.5548591609
   13   13                  1.7860629427
   14    1                  0.1088998623
   14    2                 -0.0094604892
   14    3                  0.3449735797
   14    4                  0.5613669830
   14    5                  0.0095957103
   14    6                  0.0040219765
   14    7                  0.0053767016
   14    8                 -0.0735847908
   14    9                 -0.0007036425
   14   10                  0.0071613113
   14   11                 -0.0330785950
   14   12                 -0.1881074793
   14   13                 -0.0511969582
   14   14                  1.5531131179
   15    1                  0.2241179153
   15    2                 -0.0050682304
   15    3                  0.0570401492
   15    4                  0.0416530801
   15    5                 -0.0026657196
   15    6                 -0.0669003225
   15    7                 -0.0679891267
   15    8                  0.0025167285
   15    9                  0.0045121494
   15   10                  0.0005244484
   15   11                 -0.0043294153
   15   12                 -0.0938409345
   15   13                 -0.0855087170
   15   14                  0.0485277247
   15   15                  0.9251817027
   16    1                  0.2493073861
   16    2                  0.0481747263
   16    3                 -0.0250910253
   16    4                 -0.0032793075
   16    5                 -0.0704413994
   16    6                 -0.0138244495
   16    7                 -0.0713417089
   16    8                 -0.0052915337
   16    9                  0.0013831516
   16   10                  0.0020450952
   16   11                  0.0125583932
   16   12                  0.1505985286
   16   13                  0.0309689470
   16   14                 -0.0032921965
   16   15                  0.1303579978
   16   16                  0.9524095925
   17    1                  0.2498823755
   17    2                 -0.0255683015
   17    3                 -0.0190323254
   17    4                 -0.0022904926
   17    5                 -0.0700057596
   17    6                 -0.0705154739
   17    7                 -0.0083640015
   17    8                  0.0317978135
   17    9                  0.0003513119
   17   10                  0.0120515477
   17   11                 -0.0037937488
   17   12                  0.0164677240
   17   13                  0.0359554829
   17   14                  0.0097233712
   17   15                  0.1271010268
   17   16                  0.1298033960
   17   17                  0.9554521310
   18    1                 -0.0967801588
   18    2                 -0.1180143404
   18    3                  0.4988280301
   18    4                 -0.1241922487
   18    5                  0.0044587258
   18    6                 -0.0052857574
   18    7                 -0.0185535823
   18    8                 -0.0409179302
   18    9                  0.0052960538
   18   10                 -0.0209010707
   18   11                 -0.0080562198
   18   12                  0.1106085452
   18   13                  0.1752824846
   18   14                 -0.0580557145
   18   15                  0.0118521610
   18   16                  0.0129418038
   18   17                 -0.0517756344
   18   18                  1.1331629555
   19    1                 -0.0029130634
   19    2                  0.2086233349
   19    3                  0.0798105267
   19    4                 -0.0161252556
   19    5                  0.0035340298
   19    6                 -0.0037880383
   19    7                  0.0001493592
   19    8                  0.0029732577
   19    9                 -0.0034889119
   19   10                 -0.0672196713
   19   11                 -0.0637132681
   19   12                  0.0094891684
   19   13                  0.1668634639
   19   14                 -0.0186227902
   19   15                  0.0130715939
   19   16                 -0.0042649787
   19   17                  0.0019289913
   19   18                  0.0141903204
   19   19                  0.9179761875
   20    1                 -0.0256197539
   20    2                  0.2506837786
   20    3                 -0.0315297757
   20    4                  0.0030728651
   20    5                  0.0006906425
   20    6                 -0.0051318965
   20    7                  0.0122792538
   20    8                  0.0368657106
   20    9                 -0.0700073369
   20   10                 -0.0079345375
   20   11                 -0.0652027187
   20   12                 -0.1098979672
   20   13                 -0.1362399962
   20   14                  0.0017444154
   20   15                  0.0015235835
   20   16                 -0.0011627876
   20   17                  0.0086002187
   20   18                 -0.0575125152
   20   19                  0.1284570290
   20   20                  0.9539988217
   21    1                  0.0508828632
   21    2                  0.2580201337
   21    3                 -0.0182040226
   21    4                  0.0061871449
   21    5                  0.0005873606
   21    6                  0.0137582016
   21    7                  0.0011910924
   21    8                 -0.0065982424
   21    9                 -0.0721568388
   21   10                 -0.0708443104
   21   11                 -0.0026984960
   21   12                  0.1490112312
   21   13                 -0.0272073569
   21   14                  0.0086904149
   21   15                 -0.0059738629
   21   16                  0.0364433240
   21   17                 -0.0012057972
   21   18                  0.0097215895
   21   19                  0.1269738230
   21   20                  0.1230061452
   21   21                  0.9384516394
   22    1                  0.1853140056
   22    2                 -0.1314149014
   22    3                  0.2749927147
   22    4                  0.1480871155
   22    5                  0.0545730526
   22    6                 -0.0210463409
   22    7                 -0.0461129936
   22    8                 -0.0933684814
   22    9                  0.0109448808
   22   10                 -0.0417369979
   22   11                  0.0264660256
   22   12                 -0.2242882554
   22   13                 -0.3450857450
   22   14                  0.1078482522
   22   15                  0.1310348044
   22   16                 -0.0223313509
   22   17                 -0.0969970569
   22   18                  0.2595889188
   22   19                  0.0094775418
   22   20                 -0.0635946758
   22   21                  0.0205968754
   22   22                  1.0468362766
   23    1                 -0.2486808037
   23    2                  0.2544085044
   23    3                  0.0830445866
   23    4                 -0.0291767758
   23    5                 -0.0049926086
   23    6                  0.0104607204
   23    7                 -0.0412427671
   23    8                  0.0290709811
   23    9                  0.0013579477
   23   10                  0.0419698672
   23   11                 -0.0363314088
   23   12                 -0.5811508513
   23   13                 -0.3531564793
   23   14                  0.0701313598
   23   15                  0.0153164723
   23   16                  0.0276005458
   23   17                 -0.1042201269
   23   18                 -0.0068540707
   23   19                 -0.0297156489
   23   20                  0.0875564122
   23   21                 -0.0152058129
   23   22                 -0.0942408091
   23   23                  1.0664802974
   24    1                  0.0036008244
   24    2                 -0.0023597568
   24    3                  0.0032708750
   24    4                 -0.0019859448
   24    5                  0.0015909303
   24    6                  0.1096602495
   24    7                 -0.1121234127
   24    8                 -0.0012006806
   24    9                 -0.0009716492
   24   10                 -0.0010067102
   24   11                  0.0022845061
   24   12                 -0.0160001956
   24   13                 -0.0244571261
   24   14                  0.0007194688
   24   15                 -0.0026825636
   24   16                 -0.2406341417
   24   17                  0.2425486273
   24   18                 -0.0013228366
   24   19                 -0.0030616308
   24   20                  0.0013782456
   24   21                 -0.0008668012
   24   22                 -0.0067045523
   24   23                 -0.0046836161
   24   24                  0.7480291288
   25    1                  0.0029401186
   25    2                 -0.0003640845
   25    3                 -0.0061034552
   25    4                 -0.0023672832
   25    5                 -0.1138725529
   25    6                  0.0040191330
   25    7                  0.1167302730
   25    8                  0.0041208368
   25    9                  0.0049796656
   25   10                 -0.0053731713
   25   11                  0.0005042987
   25   12                  0.0021468488
   25   13                 -0.0082116953
   25   14                  0.0041274636
   25   15                  0.2409059102
   25   16                 -0.0207867858
   25   17                 -0.2377333026
   25   18                 -0.0068431552
   25   19                  0.0043545212
   25   20                 -0.0048965949
   25   21                 -0.0009805439
   25   22                 -0.0128077310
   25   23                  0.0040510592
   25   24                 -0.3572144680
   25   25                  0.7510942154
   26    1                 -0.0058002702
   26    2                 -0.0024745102
   26    3                  0.0098286880
   26    4                  0.0015184239
   26    5                  0.1138385449
   26    6                 -0.1153329745
   26    7                 -0.0019412588
   26    8                  0.0002012519
   26    9                  0.0005449823
   26   10                  0.0011294919
   26   11                 -0.0020504684
   26   12                  0.0067690992
   26   13                 -0.0186737855
   26   14                 -0.0076795143
   26   15                 -0.2399755806
   26   16                  0.2359918567
   26   17                  0.0227995620
   26   18                 -0.0125806661
   26   19                  0.0002985213
   26   20                  0.0002522071
   26   21                  0.0015982866
   26   22                 -0.0055917648
   26   23                  0.0064493079
   26   24                 -0.3652943970
   26   25                 -0.3580580468
   26   26                  0.7517735824
   27    1                  0.2294830541
   27    2                 -0.2426511914
   27    3                 -0.0210174708
   27    4                  0.0235753896
   27    5                  0.0009200878
   27    6                 -0.0063050198
   27    7                  0.0380986258
   27    8                 -0.0037007109
   27    9                 -0.0016857137
   27   10                 -0.0382463487
   27   11                  0.0062129314
   27   12                  0.5459991267
   27   13                  0.4523837811
   27   14                 -0.0220462645
   27   15                 -0.0202305893
   27   16                 -0.0213475364
   27   17                  0.0961856634
   27   18                  0.0293599806
   27   19                  0.0218826916
   27   20                 -0.0967752665
   27   21                  0.0213048376
   27   22                  0.0486644794
   27   23                 -0.9777727875
   27   24                 -0.0041603062
   27   25                 -0.0045569659
   27   26                 -0.0062341073
   27   27                  0.9789962967
   28    1                  0.0033875348
   28    2                  0.0045154855
   28    3                 -0.0171184771
   28    4                  0.0063113334
   28    5                  0.0010157589
   28    6                 -0.0025716592
   28    7                 -0.0001109428
   28    8                  0.0009839361
   28    9                 -0.0019526645
   28   10                  0.1112885368
   28   11                 -0.1041577508
   28   12                  0.0101077613
   28   13                 -0.0154224652
   28   14                 -0.0107906363
   28   15                  0.0039951089
   28   16                  0.0008096651
   28   17                 -0.0009901286
   28   18                  0.0001617487
   28   19                 -0.0024368834
   28   20                 -0.2422136955
   28   21                  0.2388103400
   28   22                  0.0289122271
   28   23                 -0.0038506506
   28   24                 -0.0066417987
   28   25                  0.0008738787
   28   26                  0.0017334544
   28   27                 -0.0028583124
   28   28                  0.7484343944
   29    1                  0.0036039621
   29    2                  0.0050757857
   29    3                 -0.0094694099
   29    4                  0.0110734459
   29    5                 -0.0011429357
   29    6                  0.0023469303
   29    7                 -0.0008648149
   29    8                  0.0031405179
   29    9                 -0.1137498378
   29   10                  0.0034509039
   29   11                  0.1075983230
   29   12                 -0.0192617616
   29   13                  0.0036742531
   29   14                  0.0105628880
   29   15                  0.0004889561
   29   16                 -0.0020273515
   29   17                  0.0001373888
   29   18                  0.0157358391
   29   19                  0.2378816669
   29   20                 -0.0168053893
   29   21                 -0.2286867128
   29   22                  0.0122272651
   29   23                  0.0105177783
   29   24                  0.0015796100
   29   25                  0.0012219452
   29   26                 -0.0059414355
   29   27                 -0.0061183041
   29   28                 -0.3607954916
   29   29                  0.7509324212
   30    1                  0.0016054642
   30    2                 -0.0159672852
   30    3                 -0.0069097116
   30    4                  0.0048977629
   30    5                 -0.0049859415
   30    6                 -0.0007718489
   30    7                  0.0054156836
   30    8                 -0.0036761996
   30    9                  0.1159348821
   30   10                 -0.1207087606
   30   11                 -0.0003724627
   30   12                 -0.0088764709
   30   13                 -0.0120830875
   30   14                 -0.0157663950
   30   15                 -0.0034147381
   30   16                  0.0003583772
   30   17                  0.0058682558
   30   18                  0.0079540552
   30   19                 -0.2415241371
   30   20                  0.2367464309
   30   21                  0.0165930974
   30   22                  0.0339594545
   30   23                  0.0071730365
   30   24                 -0.0001549017
   30   25                 -0.0091919031
   30   26                  0.0017116189
   30   27                 -0.0053430900
   30   28                 -0.3596736735
   30   29                 -0.3632096516
   30   30                  0.7826456940
    0
