   12   36
        0.5316418094       -0.0402920212       -0.0173751384
       -0.1552386685       -0.0615171740       -0.0259665641
        0.0051041379       -0.0015959678       -0.0001060747
       -0.0353501801       -0.0171282728       -0.0075254467
       -0.0079106082        0.0014375186        0.0034593140
       -0.2316059168        0.0812491266        0.0996210373
       -0.0530560941        0.0386318870       -0.0139993189
       -0.0504020675       -0.0002145510       -0.0369580884
       -0.0033884160       -0.0042976536       -0.0003568910
       -0.0001802773        0.0000546710        0.0000889004
       -0.0000445588        0.0010358781       -0.0001754561
        0.0004308401        0.0026365592       -0.0007062734
       -0.0402920212        0.5600166420       -0.0137390897
       -0.0697606006       -0.1306373448       -0.0217761114
       -0.0286206687       -0.0212071487       -0.0071253997
        0.0098732030        0.0082391905        0.0037364294
        0.0071018050        0.0006083052       -0.0007802322
        0.0788570951       -0.0807742639       -0.0427412054
        0.0421931815       -0.2863226699        0.0811138179
       -0.0002071335       -0.0478203983       -0.0007142706
        0.0005443221        0.0004256725        0.0013694855
       -0.0002533959        0.0014809034       -0.0003285207
       -0.0000822751        0.0020016941       -0.0009426602
        0.0006464883       -0.0060105819        0.0019277571
       -0.0173751384       -0.0137390897        0.5736017905
       -0.0358088100       -0.0242202555       -0.0936262369
        0.0087342671        0.0068698450        0.0033580960
        0.0149611431        0.0092421147        0.0046481179
        0.0050993376       -0.0002152213        0.0001435817
        0.0983430221       -0.0432725223       -0.0979674850
       -0.0146627155        0.0798228821       -0.0747546013
       -0.0346589098        0.0011468459       -0.3118621323
       -0.0259132475       -0.0183625595       -0.0039633363
        0.0000004529       -0.0004222152       -0.0000988100
        0.0009196437        0.0005837247        0.0007137120
        0.0003609547        0.0025664511       -0.0001926964
       -0.1552386685       -0.0697606006       -0.0358088100
        0.4515104819        0.0545546264        0.0716271321
       -0.0759727758        0.0051200981       -0.0063567173
       -0.0777289877        0.0178252251        0.0215844060
       -0.0635750288        0.0012170175        0.0051702432
       -0.0177100875       -0.0147028433       -0.0074066935
        0.0040697941        0.0057697226        0.0018199881
       -0.0048182411       -0.0017654485        0.0000436270
       -0.0581634040        0.0019195444       -0.0515923839
       -0.0029715606        0.0234238027       -0.0084042707
       -0.0019105592        0.0052576177       -0.0015863216
        0.0025090373       -0.0288587622        0.0109098007
       -0.0615171740       -0.1306373448       -0.0242202555
        0.0545546264        0.5042440168       -0.0053487183
        0.0006057258       -0.1977244970        0.0516887088
        0.0391809521       -0.0964942178       -0.0513668281
       -0.0203109851        0.0087105650        0.0139593488
        0.0132714248        0.0067577229        0.0031567276
       -0.0266403123       -0.0172821717       -0.0092450174
       -0.0001984624       -0.0009050136        0.0010951458
       -0.0008690707       -0.0493007435        0.0124337403
       -0.0023517739       -0.0095182901        0.0042182580
        0.0008297544       -0.0018639131       -0.0017598511
        0.0034452948       -0.0159861131        0.0053887409
       -0.0259665641       -0.0217761114       -0.0936262369
        0.0716271321       -0.0053487183        0.6005302106
       -0.0070400259        0.0474823362       -0.0981845166
        0.0450705655       -0.0507900377       -0.1044359603
       -0.0158958773        0.0106527436        0.0087169774
        0.0139213530        0.0102477897        0.0023213031
        0.0098009344        0.0068827893        0.0014943752
       -0.0288581824       -0.0211261337       -0.0091879691
       -0.0617089459        0.0145458666       -0.3000613998
        0.0019643999       -0.0170863147        0.0034341314
       -0.0029322991        0.0343511660       -0.0122440654
        0.0000175098       -0.0080353756        0.0012431504
        0.0051041379       -0.0286206687        0.0087342671
       -0.0759727758        0.0006057258       -0.0070400259
        0.5886653466        0.0107348587       -0.0017005238
       -0.0177617656        0.0350713356       -0.0018301965
        0.0031733796        0.0026127359        0.0005781082
        0.0009237827        0.0005360732        0.0001651298
       -0.0047498289       -0.0042998371       -0.0014465085
        0.0007427674        0.0005843935        0.0005220643
        0.0012747848        0.0061089950       -0.0026927180
       -0.2032374364        0.0908256971        0.0980565248
       -0.0550532248       -0.0000471367       -0.0452168010
       -0.2431091674       -0.1141121723       -0.0481293206
       -0.0015959678       -0.0212071487        0.0068698450
        0.0051200981       -0.1977244970        0.0474823362
        0.0107348587        0.5011008535        0.0276975723
        0.0130978127       -0.0200314835       -0.0026269963
       -0.0009729985       -0.0016958476        0.0010201709
        0.0010672243        0.0004317765        0.0000430506
       -0.0018412226       -0.0008622050       -0.0005437167
        0.0017113597        0.0012233061        0.0005975653
       -0.0011919817       -0.0018331265       -0.0003600979
        0.0928255859       -0.0997736464       -0.0568452765
       -0.0002162658       -0.0465760185        0.0049708989
       -0.1187385030       -0.1130519631       -0.0283053519
       -0.0001060747       -0.0071253997        0.0033580960
       -0.0063567173        0.0516887088       -0.0981845166
       -0.0017005238        0.0276975723        0.5715576456
        0.0082553461       -0.0198874185        0.0035877088
       -0.0011242134       -0.0002121224        0.0012569595
        0.0002253916        0.0000908750       -0.0001253756
       -0.0013394634       -0.0017576684        0.0000558476
       -0.0000292381       -0.0012876579        0.0007875375
       -0.0026426250        0.0318945377       -0.0083168033
        0.0970666576       -0.0555565814       -0.1065936919
       -0.0453336384        0.0019981520       -0.3077174395
       -0.0469149012       -0.0275429975       -0.0596659682
       -0.0353501801        0.0098732030        0.0149611431
       -0.0777289877        0.0391809521        0.0450705655
       -0.0177617656        0.0130978127        0.0082553461
        0.4086965758        0.0535802219        0.0273597465
       -0.2659262347       -0.1214998019       -0.0993788713
       -0.0031881663       -0.0025897063       -0.0014854305
        0.0018442512        0.0013269545        0.0001861281
        0.0021837197        0.0008995761        0.0004489396
       -0.0132233385        0.0053416698        0.0060352277
       -0.0003410359        0.0031021297       -0.0013983933
        0.0011138383       -0.0014839349        0.0000611602
       -0.0003186763       -0.0008290766       -0.0001155617
       -0.0171282728        0.0082391905        0.0092421147
        0.0178252251       -0.0964942178       -0.0507900377
        0.0350713356       -0.0200314835       -0.0198874185
        0.0535802219        0.1992116695        0.1406697981
       -0.0895673805       -0.0846060304       -0.0745655643
       -0.0041223444       -0.0020604049       -0.0009898551
        0.0004115186        0.0012061421        0.0003791096
        0.0002241401        0.0005322017        0.0000783664
        0.0050750769       -0.0028324679       -0.0059014277
        0.0004626654       -0.0075517402        0.0031671514
       -0.0008653949        0.0023390084       -0.0002405412
       -0.0009667909        0.0020481325       -0.0011616957
       -0.0075254467        0.0037364294        0.0046481179
        0.0215844060       -0.0513668281       -0.1044359603
       -0.0018301965       -0.0026269963        0.0035877088
        0.0273597465        0.1406697981        0.1767157990
       -0.0705004106       -0.0709884130       -0.0667364171
       -0.0028734986       -0.0012563940        0.0001417583
       -0.0000290147       -0.0000483777        0.0001689201
       -0.0002423799        0.0006707625        0.0006764211
        0.0349262029       -0.0199753761       -0.0175822997
       -0.0009390929        0.0014679368        0.0012120735
       -0.0000808025       -0.0005620682        0.0014824346
        0.0001504871        0.0002795265        0.0001214436
       -0.0079106082        0.0071018050        0.0050993376
       -0.0635750288       -0.0203109851       -0.0158958773
        0.0031733796       -0.0009729985       -0.0011242134
       -0.2659262347       -0.0895673805       -0.0705004106
        0.3307007602        0.1099854528        0.0872710721
       -0.0019916684       -0.0022645343       -0.0010261402
        0.0002490377       -0.0001748678        0.0001353333
       -0.0001383117        0.0000260188        0.0000039232
        0.0063749734       -0.0026810258       -0.0035513726
        0.0006340110       -0.0015125868        0.0001551252
       -0.0009298807        0.0001604096       -0.0003668450
       -0.0006604293        0.0002106927       -0.0001999323
        0.0014375186        0.0006083052       -0.0002152213
        0.0012170175        0.0087105650        0.0106527436
        0.0026127359       -0.0016958476       -0.0002121224
       -0.1214998019       -0.0846060304       -0.0709884130
        0.1099854528        0.0752931034        0.0600009260
        0.0000916891        0.0002288836       -0.0001472086
        0.0002068122        0.0002047801       -0.0001317946
        0.0002066401       -0.0001613109        0.0000719411
        0.0025247723        0.0000389270        0.0006060221
        0.0008541743        0.0003049445        0.0000953649
        0.0001934552        0.0003211564        0.0001616290
        0.0021695340        0.0007525236        0.0001061332
        0.0034593140       -0.0007802322        0.0001435817
        0.0051702432        0.0139593488        0.0087169774
        0.0005781082        0.0010201709        0.0012569595
       -0.0993788713       -0.0745655643       -0.0667364171
        0.0872710721        0.0600009260        0.0540604699
        0.0007113597        0.0001282092        0.0004036017
       -0.0001177236       -0.0001875603       -0.0002196257
        0.0006462335        0.0001534907        0.0002278560
        0.0011624036        0.0008545928        0.0027961702
        0.0004127310       -0.0002002339       -0.0000094991
       -0.0000917296       -0.0002996485       -0.0000550220
        0.0001768592       -0.0000834993       -0.0005850525
       -0.2316059168        0.0788570951        0.0983430221
       -0.0177100875        0.0132714248        0.0139213530
        0.0009237827        0.0010672243        0.0002253916
       -0.0031881663       -0.0041223444       -0.0028734986
       -0.0019916684        0.0000916891        0.0007113597
        0.2505599033       -0.0861600508       -0.1073166272
       -0.0029909011       -0.0000518297        0.0014015383
        0.0048801729       -0.0025355237       -0.0033071601
        0.0006353961        0.0002953791       -0.0006084285
        0.0003131815       -0.0007308047       -0.0001074160
       -0.0000314481       -0.0000893173       -0.0000407402
        0.0002057517        0.0001070582       -0.0003487940
        0.0812491266       -0.0807742639       -0.0432725223
       -0.0147028433        0.0067577229        0.0102477897
        0.0005360732        0.0004317765        0.0000908750
       -0.0025897063       -0.0020604049       -0.0012563940
       -0.0022645343        0.0002288836        0.0001282092
       -0.0861600508        0.0845198302        0.0475797443
        0.0242715096       -0.0083782693       -0.0142509625
       -0.0008456297       -0.0008865522        0.0008157247
        0.0006823415        0.0004380762       -0.0000890076
       -0.0003125034       -0.0005691171       -0.0000082746
        0.0000054534       -0.0000037630        0.0000787502
        0.0001307633        0.0002960810       -0.0000639320
        0.0996210373       -0.0427412054       -0.0979674850
       -0.0074066935        0.0031567276        0.0023213031
        0.0001651298        0.0000430506       -0.0001253756
       -0.0014854305       -0.0009898551        0.0001417583
       -0.0010261402       -0.0001472086        0.0004036017
       -0.1073166272        0.0475797443        0.1020704220
       -0.0097106954        0.0034690176        0.0041386215
        0.0267552373       -0.0111120084       -0.0113789485
        0.0004136143        0.0005506610        0.0001633101
       -0.0000039361        0.0001194624        0.0003034269
        0.0001157275       -0.0000725803       -0.0000340648
       -0.0001212232        0.0001441943       -0.0000365699
       -0.0530560941        0.0421931815       -0.0146627155
        0.0040697941       -0.0266403123        0.0098009344
       -0.0047498289       -0.0018412226       -0.0013394634
        0.0018442512        0.0004115186       -0.0000290147
        0.0002490377        0.0002068122       -0.0001177236
       -0.0029909011        0.0242715096       -0.0097106954
        0.0550658796       -0.0412403046        0.0163951120
       -0.0015872131        0.0034993531       -0.0005636099
        0.0009666828        0.0007486150        0.0000851318
        0.0001184459       -0.0000669710       -0.0001928046
       -0.0000946194        0.0001248178        0.0000143428
        0.0001645653       -0.0016669974        0.0003205062
        0.0386318870       -0.2863226699        0.0798228821
        0.0057697226       -0.0172821717        0.0068827893
       -0.0042998371       -0.0008622050       -0.0017576684
        0.0013269545        0.0012061421       -0.0000483777
       -0.0001748678        0.0002047801       -0.0001875603
       -0.0000518297       -0.0083782693        0.0034690176
       -0.0412403046        0.3097709418       -0.0865543169
       -0.0004540962        0.0017193989       -0.0016356202
        0.0001815105        0.0005617406       -0.0003901144
        0.0000852840        0.0003529305       -0.0000113284
        0.0000663951        0.0002403426       -0.0001019436
        0.0001591818       -0.0012109606        0.0005122408
       -0.0139993189        0.0811138179       -0.0747546013
        0.0018199881       -0.0092450174        0.0014943752
       -0.0014465085       -0.0005437167        0.0000558476
        0.0001861281        0.0003791096        0.0001689201
        0.0001353333       -0.0001317946       -0.0002196257
        0.0014015383       -0.0142509625        0.0041386215
        0.0163951120       -0.0865543169        0.0755833468
       -0.0048684845        0.0299012526       -0.0078418893
        0.0007269583       -0.0002551275        0.0003637556
       -0.0001436829        0.0002900614       -0.0000226898
       -0.0000716447       -0.0003256439        0.0004127243
       -0.0001354187       -0.0003776620        0.0006212149
       -0.0504020675       -0.0002071335       -0.0346589098
       -0.0048182411       -0.0001984624       -0.0288581824
        0.0007427674        0.0017113597       -0.0000292381
        0.0021837197        0.0002241401       -0.0002423799
       -0.0001383117        0.0002066401        0.0006462335
        0.0048801729       -0.0008456297        0.0267552373
       -0.0015872131       -0.0004540962       -0.0048684845
        0.0527633626        0.0030927631        0.0411289025
       -0.0039571756       -0.0032561876       -0.0007103227
        0.0000411857       -0.0000203597        0.0001204710
        0.0003212132       -0.0004515681        0.0005165248
       -0.0000294123        0.0001985342        0.0002001484
       -0.0002145510       -0.0478203983        0.0011468459
       -0.0017654485       -0.0009050136       -0.0211261337
        0.0005843935        0.0012233061       -0.0012876579
        0.0008995761        0.0005322017        0.0006707625
        0.0000260188       -0.0001613109        0.0001534907
       -0.0025355237       -0.0008865522       -0.0111120084
        0.0034993531        0.0017193989        0.0299012526
        0.0030927631        0.0481282301        0.0013668600
       -0.0035000244       -0.0015866967       -0.0005329761
       -0.0000141050       -0.0000950039       -0.0000145299
       -0.0001797864       -0.0003150455        0.0005195438
        0.0001073344        0.0001668844        0.0003145506
       -0.0369580884       -0.0007142706       -0.3118621323
        0.0000436270        0.0010951458       -0.0091879691
        0.0005220643        0.0005975653        0.0007875375
        0.0004489396        0.0000783664        0.0006764211
        0.0000039232        0.0000719411        0.0002278560
       -0.0033071601        0.0008157247       -0.0113789485
       -0.0005636099       -0.0016356202       -0.0078418893
        0.0411289025        0.0013668600        0.3367858684
       -0.0012916987       -0.0011168081        0.0010218277
       -0.0000644952        0.0000343132        0.0000300515
        0.0000089101       -0.0006672090        0.0004128611
        0.0000286855        0.0000739913        0.0003285159
       -0.0033884160        0.0005443221       -0.0259132475
       -0.0581634040       -0.0008690707       -0.0617089459
        0.0012747848       -0.0011919817       -0.0026426250
       -0.0132233385        0.0050750769        0.0349262029
        0.0063749734        0.0025247723        0.0011624036
        0.0006353961        0.0006823415        0.0004136143
        0.0009666828        0.0001815105        0.0007269583
       -0.0039571756       -0.0035000244       -0.0012916987
        0.0681923740       -0.0044238760        0.0538648301
        0.0000987679       -0.0001791286       -0.0001094017
        0.0008709425        0.0006844645       -0.0000612029
        0.0003184126        0.0004715938        0.0006331123
       -0.0042976536        0.0004256725       -0.0183625595
        0.0019195444       -0.0493007435        0.0145458666
        0.0061089950       -0.0018331265        0.0318945377
        0.0053416698       -0.0028324679       -0.0199753761
       -0.0026810258        0.0000389270        0.0008545928
        0.0002953791        0.0004380762        0.0005506610
        0.0007486150        0.0005617406       -0.0002551275
       -0.0032561876       -0.0015866967       -0.0011168081
       -0.0044238760        0.0580093970       -0.0092876237
        0.0001465897        0.0011497614       -0.0007929924
        0.0005355152       -0.0062017253        0.0023802608
       -0.0004375651        0.0011311850       -0.0004354316
       -0.0003568910        0.0013694855       -0.0039633363
       -0.0515923839        0.0124337403       -0.3000613998
       -0.0026927180       -0.0003600979       -0.0083168033
        0.0060352277       -0.0059014277       -0.0175822997
       -0.0035513726        0.0006060221        0.0027961702
       -0.0006084285       -0.0000890076        0.0001633101
        0.0000851318       -0.0003901144        0.0003637556
       -0.0007103227       -0.0005329761        0.0010218277
        0.0538648301       -0.0092876237        0.3244269034
       -0.0003799540        0.0004948157        0.0002211397
       -0.0003289508        0.0018304488        0.0006451829
        0.0002358319       -0.0001732648        0.0002855496
       -0.0001802773       -0.0002533959        0.0000004529
       -0.0029715606       -0.0023517739        0.0019643999
       -0.2032374364        0.0928255859        0.0970666576
       -0.0003410359        0.0004626654       -0.0009390929
        0.0006340110        0.0008541743        0.0004127310
        0.0003131815       -0.0003125034       -0.0000039361
        0.0001184459        0.0000852840       -0.0001436829
        0.0000411857       -0.0000141050       -0.0000644952
        0.0000987679        0.0001465897       -0.0003799540
        0.2178662777       -0.1010445719       -0.1068326820
        0.0050201301       -0.0037823530       -0.0038623068
       -0.0173616896        0.0133844038        0.0127819085
        0.0000546710        0.0014809034       -0.0004222152
        0.0234238027       -0.0095182901       -0.0170863147
        0.0908256971       -0.0997736464       -0.0555565814
        0.0031021297       -0.0075517402        0.0014679368
       -0.0015125868        0.0003049445       -0.0002002339
       -0.0007308047       -0.0005691171        0.0001194624
       -0.0000669710        0.0003529305        0.0002900614
       -0.0000203597       -0.0000950039        0.0000343132
       -0.0001791286        0.0011497614        0.0004948157
       -0.1010445719        0.1065871565        0.0607844253
       -0.0015654205       -0.0002004542        0.0011424856
       -0.0122864572        0.0078325556        0.0089318448
        0.0000889004       -0.0003285207       -0.0000988100
       -0.0084042707        0.0042182580        0.0034341314
        0.0980565248       -0.0568452765       -0.1065936919
       -0.0013983933        0.0031671514        0.0012120735
        0.0001551252        0.0000953649       -0.0000094991
       -0.0001074160       -0.0000082746        0.0003034269
       -0.0001928046       -0.0000113284       -0.0000226898
        0.0001204710       -0.0000145299        0.0000300515
       -0.0001094017       -0.0007929924        0.0002211397
       -0.1068326820        0.0607844253        0.1110011772
        0.0243744663       -0.0140907932       -0.0120524745
       -0.0057505193        0.0038265162        0.0025751651
       -0.0000445588       -0.0000822751        0.0009196437
       -0.0019105592        0.0008297544       -0.0029322991
       -0.0550532248       -0.0002162658       -0.0453336384
        0.0011138383       -0.0008653949       -0.0000808025
       -0.0009298807        0.0001934552       -0.0000917296
       -0.0000314481        0.0000054534        0.0001157275
       -0.0000946194        0.0000663951       -0.0000716447
        0.0003212132       -0.0001797864        0.0000089101
        0.0008709425        0.0005355152       -0.0003289508
        0.0050201301       -0.0015654205        0.0243744663
        0.0533394257       -0.0004245106        0.0499059318
       -0.0026012588        0.0017030800       -0.0264856144
        0.0010358781        0.0020016941        0.0005837247
        0.0052576177       -0.0018639131        0.0343511660
       -0.0000471367       -0.0465760185        0.0019981520
       -0.0014839349        0.0023390084       -0.0005620682
        0.0001604096        0.0003211564       -0.0002996485
       -0.0000893173       -0.0000037630       -0.0000725803
        0.0001248178        0.0002403426       -0.0003256439
       -0.0004515681       -0.0003150455       -0.0006672090
        0.0006844645       -0.0062017253        0.0018304488
       -0.0037823530       -0.0002004542       -0.0140907932
       -0.0004245106        0.0502691345       -0.0069383330
       -0.0009843670       -0.0000104164       -0.0158072154
       -0.0001754561       -0.0009426602        0.0007137120
       -0.0015863216       -0.0017598511       -0.0122440654
       -0.0452168010        0.0049708989       -0.3077174395
        0.0000611602       -0.0002405412        0.0014824346
       -0.0003668450        0.0001616290       -0.0000550220
       -0.0000407402        0.0000787502       -0.0000340648
        0.0000143428       -0.0001019436        0.0004127243
        0.0005165248        0.0005195438        0.0004128611
       -0.0000612029        0.0023802608        0.0006451829
       -0.0038623068        0.0011424856       -0.0120524745
        0.0499059318       -0.0069383330        0.3329156532
        0.0008117139        0.0007297606       -0.0044795017
        0.0004308401        0.0006464883        0.0003609547
        0.0025090373        0.0034452948        0.0000175098
       -0.2431091674       -0.1187385030       -0.0469149012
       -0.0003186763       -0.0009667909        0.0001504871
       -0.0006604293        0.0021695340        0.0001768592
        0.0002057517        0.0001307633       -0.0001212232
        0.0001645653        0.0001591818       -0.0001354187
       -0.0000294123        0.0001073344        0.0000286855
        0.0003184126       -0.0004375651        0.0002358319
       -0.0173616896       -0.0122864572       -0.0057505193
       -0.0026012588       -0.0009843670        0.0008117139
        0.2604520269        0.1267550866        0.0511400203
        0.0026365592       -0.0060105819        0.0025664511
       -0.0288587622       -0.0159861131       -0.0080353756
       -0.1141121723       -0.1130519631       -0.0275429975
       -0.0008290766        0.0020481325        0.0002795265
        0.0002106927        0.0007525236       -0.0000834993
        0.0001070582        0.0002960810        0.0001441943
       -0.0016669974       -0.0012109606       -0.0003776620
        0.0001985342        0.0001668844        0.0000739913
        0.0004715938        0.0011311850       -0.0001732648
        0.0133844038        0.0078325556        0.0038265162
        0.0017030800       -0.0000104164        0.0007297606
        0.1267550866        0.1240426729        0.0285923592
       -0.0007062734        0.0019277571       -0.0001926964
        0.0109098007        0.0053887409        0.0012431504
       -0.0481293206       -0.0283053519       -0.0596659682
       -0.0001155617       -0.0011616957        0.0001214436
       -0.0001999323        0.0001061332       -0.0005850525
       -0.0003487940       -0.0000639320       -0.0000365699
        0.0003205062        0.0005122408        0.0006212149
        0.0002001484        0.0003145506        0.0003285159
        0.0006331123       -0.0004354316        0.0002855496
        0.0127819085        0.0089318448        0.0025751651
       -0.0264856144       -0.0158072154       -0.0044795017
        0.0511400203        0.0285923592        0.0597847491
