ZMAT begin                                             
1 2                                                    
1 3                                                    
1 4                                                    
2 1 3                                                  
3 1 4                                                  
4 1 2                                                  
2 1 3 4 O                                              
3 1 4 2 O                                              
4 1 2 3 O                                              
ZMAT end                                               
                                                       
cart begin                                             
N       0.00000000     0.00000000     0.13125886
H      -0.88122565    -1.52632759    -0.60791885
H      -0.88122565     1.52632759    -0.60791885
H       1.76245129    -0.00000000    -0.60791885
cart end                                               
