1  
         -3.1014539470          1.5862411080          0.0201270670  
         -0.8640670010         -0.0710054510         -0.6561510920  
         -1.1180444880         -2.7798917610          0.2462158900  
          1.3114878640          1.1049495280          0.5890011180  
          3.4492953450          0.1200601830         -0.2518284040  
         -4.8048674720          0.8472368570         -0.8766479460  
         -2.8063518050          3.5229707360         -0.6186619470  
         -3.3928133480          1.5972591800          2.0627410600  
         -0.4600133420         -0.0043488940         -2.6773438780  
         -2.6975364210         -3.6925756470         -0.7177305450  
         -1.4716022350         -2.8238250650          2.2791766140  
          0.6052430320         -3.8304666680         -0.1613303360  
2  
         -3.0995201705          1.5876547788          0.0162854003  
         -0.8628615462         -0.0730449231         -0.6538782669  
         -1.1226968282         -2.7815385159          0.2481144512  
          1.3118454463          1.0986954750          0.5964654226  
          3.4503700595          0.1280747455         -0.2590529295  
         -4.8019087613          0.8502277464         -0.8837847612  
         -2.8002824634          3.5234686323         -0.6233768866  
         -3.3956361285          1.6007130575          2.0581916969  
         -0.4532548741         -0.0071336406         -2.6738333418  
         -2.7001461043         -3.6929500558         -0.7203834577  
         -1.4822369408         -2.8250628848          2.2800299465  
          0.6008084207         -3.8338939827         -0.1543715575  
3  
         -3.1033342679          1.5848382533          0.0240067297  
         -0.8652539094         -0.0690144505         -0.6584416609  
         -1.1134121413         -2.7782375186          0.2443023543  
          1.3111673744          1.1111412300          0.5814524727  
          3.4481412605          0.1121307921         -0.2445320280  
         -4.8077934553          0.8442640097         -0.8694799990  
         -2.8123597529          3.5224969558         -0.6139115050  
         -3.3898621860          1.5938187311          2.0672911219  
         -0.4668027756         -0.0016716164         -2.6808128540  
         -2.6949535302         -3.6922039585         -0.7150124239  
         -1.4609971778         -2.8225168391          2.2783074514  
          0.6095942630         -3.8270581320         -0.1683120000  
4  
         -3.1010872079          1.5864241527          0.0205965036  
         -0.8640676928         -0.0710648855         -0.6563800450  
         -1.1184833962         -2.7800533024          0.2455213180  
          1.3114116215          1.1048329674          0.5890143869  
          3.4494248346          0.1202384516         -0.2514913338  
         -4.8070151196          0.8412238684         -0.8662349319  
         -2.8111353787          3.5208241675         -0.6275514817  
         -3.3843470977          1.6057809411          2.0642747977  
         -0.4599628291         -0.0044421007         -2.6775296554  
         -2.6942969565         -3.6940546272         -0.7231646332  
         -1.4780225366         -2.8245005119          2.2774333301  
          0.6068607991         -3.8291089488         -0.1571777880  
5  
         -3.1018303029          1.5860585072          0.0196740948  
         -0.8640475050         -0.0709635329         -0.6559260401  
         -1.1175989600         -2.7797101832          0.2468991112  
          1.3115770547          1.1050622014          0.5889706744  
          3.4491428866          0.1198816615         -0.2521525647  
         -4.8026804104          0.8532771577         -0.8870555291  
         -2.8016265973          3.5251008927         -0.6097180590  
         -3.4012668700          1.5887292278          2.0611258569  
         -0.4600497071         -0.0043020596         -2.6771090973  
         -2.7007402797         -3.6910996682         -0.7122628004  
         -1.4652252220         -2.8231000846          2.2809000254  
          0.6035958430         -3.8317968417         -0.1654707359  
6  
         -3.1020953229          1.5860294973          0.0210173813  
         -0.8642180102         -0.0705486112         -0.6553146317  
         -1.1175862657         -2.7794960318          0.2469647728  
          1.3122488904          1.1059591403          0.5880336384  
          3.4488473523          0.1186034008         -0.2529055416  
         -4.8032347814          0.8521459730         -0.8843243631  
         -2.8032512464          3.5250412305         -0.6091068313  
         -3.4001698389          1.5890109204          2.0626604993  
         -0.4605481293         -0.0041208924         -2.6765684790  
         -2.6833756789         -3.6988541484         -0.7328709233  
         -1.4920933367         -2.8239593535          2.2761587551  
          0.6137421691         -3.8235481007         -0.1427733044  
7  
         -3.1008210498          1.5864541578          0.0192541408  
         -0.8638971933         -0.0714798120         -0.6569918413  
         -1.1184966024         -2.7802673980          0.2454553327  
          1.3107392733          1.1039355798          0.5899489092  
          3.4497183385          0.1215164153         -0.2507362316  
         -4.8064761828          0.8423505322         -0.8689732560  
         -2.8095001171          3.5208934229         -0.6281711049  
         -3.3854392207          1.6054952789          2.0627542052  
         -0.4594649556         -0.0046244976         -2.6780707140  
         -2.7114832117         -3.6862640794         -0.7024201476  
         -1.4511136362         -2.8237225900          2.2819753050  
          0.5965287755         -3.8373129049         -0.1798067022  
8  
         -3.0933431853          1.5867399225          0.0254565675  
         -0.8650354487         -0.0787181743         -0.6601332149  
         -1.1268880803         -2.7860055416          0.2463202092  
          1.3081264370          1.1071485128          0.5798549189  
          3.4543214300          0.1289541234         -0.2452639770  
         -4.8037819983          0.8653544386         -0.8720401035  
         -2.7847062288          3.5250712330         -0.6019390480  
         -3.3797131588          1.5883337992          2.0688011601  
         -0.4659426362         -0.0155724017         -2.6825000800  
         -2.7073585927         -3.6940060904         -0.7206015518  
         -1.4860571636         -2.8267533512          2.2783213586  
          0.5934556869         -3.8435393865         -0.1561492204  
9  
         -3.1094668590          1.5857314726          0.0147775461  
         -0.8630580030         -0.0633287294         -0.6521266774  
         -1.1092341226         -2.7737510947          0.2461163867  
          1.3148724027          1.1026579241          0.5981577703  
          3.4441514811          0.1112772416         -0.2584231164  
         -4.8057105286          0.8292234150         -0.8813008443  
         -2.8277773048          3.5207150296         -0.6353707016  
         -3.4059505128          1.6061071259          2.0565516171  
         -0.4540608161          0.0068210678         -2.6720757205  
         -2.6876879169         -3.6911252211         -0.7148813713  
         -1.4572842720         -2.8208235626          2.2800167258  
          0.6169424209         -3.8173594150         -0.1664339464  
10  
         -3.0967066908          1.5958805085          0.0192842754  
         -0.8684372273         -0.0742753177         -0.6559690797  
         -1.1082565115         -2.7849775400          0.2460017554  
          1.3053841860          1.1023495669          0.5898140612  
          3.4432858332          0.1200533620         -0.2516183065  
         -4.8071067050          0.8712042767         -0.8757009825  
         -2.7836669318          3.5287842531         -0.6229408924  
         -3.3859926520          1.6140849542          2.0621072572  
         -0.4646016353         -0.0078319898         -2.6772834933  
         -2.6813285046         -3.7101659377         -0.7163838382  
         -1.4572117057         -2.8329380996          2.2796608977  
          0.6231786650         -3.8208008822         -0.1650748753  
11  
         -3.1062092408          1.5765474854          0.0209596205  
         -0.8597023520         -0.0677257775         -0.6562794762  
         -1.1278084362         -2.7747127068          0.2464007850  
          1.3176177248          1.1075452705          0.5881863074  
          3.4552644707          0.1200299034         -0.2520377753  
         -4.8024835774          0.8231867268         -0.8776394012  
         -2.8291380463          3.5169457314         -0.6144423735  
         -3.3995676719          1.5804035349          2.0633134013  
         -0.4554664684         -0.0009023370         -2.6773044994  
         -2.7136239462         -3.6748499363         -0.7190654856  
         -1.4859533381         -2.8146036072          2.2786651107  
          0.5871807613         -3.8399416894         -0.1576551578  
12  
         -3.1026203039          1.5878121335          0.0187713063  
         -0.8639359953         -0.0722490704         -0.6478091051  
         -1.1193964093         -2.7855503340          0.2446163818  
          1.3141702529          1.1108490586          0.5877495600  
          3.4493873459          0.1192418648         -0.2526111141  
         -4.8026993629          0.8465709503         -0.8825927137  
         -2.8034818632          3.5213932077         -0.6278026807  
         -3.4029975387          1.6082740267          2.0599775686  
         -0.4620298453         -0.0076762615         -2.6696046391  
         -2.7002252842         -3.6881970632         -0.7268042699  
         -1.4736842908         -2.8448400303          2.2770308955  
          0.6015698593         -3.8364395679         -0.1718545568  
13  
         -3.1001748825          1.5846950481          0.0215460762  
         -0.8641887414         -0.0698404107         -0.6645235003  
         -1.1166730176         -2.7742283785          0.2477894968  
          1.3087323400          1.0990499955          0.5901625083  
          3.4491368459          0.1209103173         -0.2509688692  
         -4.8069709462          0.8479808476         -0.8706067669  
         -2.8090301227          3.5245492945         -0.6094342317  
         -3.3824019401          1.5862571018          2.0654648071  
         -0.4579726356         -0.0011897688         -2.6850541793  
         -2.6948174359         -3.6969274606         -0.7085240349  
         -1.4694979041         -2.8027477130          2.2811989776  
          0.6088871332         -3.8244303794         -0.1508588329  
14  
         -3.1109498262          1.5913309061          0.0206063962  
         -0.8719038487         -0.0707723000         -0.6560694848  
         -1.1178043875         -2.7806946005          0.2464138219  
          1.3152434716          1.0986794589          0.5861198105  
          3.4601537292          0.1221253403         -0.2491553837  
         -4.8124980707          0.8508524870         -0.8790956230  
         -2.8153976743          3.5269338635         -0.6216469927  
         -3.4074204026          1.6057257737          2.0624039450  
         -0.4737360904         -0.0037091893         -2.6785732526  
         -2.6925542108         -3.7039349172         -0.7150829843  
         -1.4665875066         -2.8266476057          2.2801406979  
          0.6118366838         -3.8200550822         -0.1636728147  
15  
         -3.0919710109          1.5811454556          0.0196680982  
         -0.8561926833         -0.0712414492         -0.6561990852  
         -1.1182495330         -2.7790462281          0.2459978482  
          1.3077508585          1.1112023030          0.5918236911  
          3.4383715861          0.1179775211         -0.2544697230  
         -4.7972164300          0.8435887193         -0.8742622744  
         -2.7973456078          3.5190331170         -0.6156282162  
         -3.3782217496          1.5887585691          2.0630451611  
         -0.4462722398         -0.0050282896         -2.6760130878  
         -2.7023857868         -3.6811652426         -0.7203902201  
         -1.4766557958         -2.8209361958          2.2781840175  
          0.5986045766         -3.8407674662         -0.1589764952  
16  
         -3.1048013896          1.5874370503          0.0187285452  
         -0.8659394087         -0.0720261832         -0.6610429752  
         -1.1189565677         -2.7849456457          0.2461457942  
          1.3156129637          1.1099084007          0.5933208890  
          3.4494604528          0.1189469915         -0.2529398920  
         -4.8170231060          0.8576342499         -0.8686506615  
         -2.8067975734          3.5263051733         -0.6124359436  
         -3.3828337801          1.5927315998          2.0634092961  
         -0.4509159522         -0.0028555907         -2.6796890412  
         -2.6991910738         -3.7037512105         -0.7109789497  
         -1.4709658672         -2.8198229350          2.2796950140  
          0.6047088956         -3.8369349974         -0.1563310770  
17  
         -3.0980831109          1.5850510499          0.0215461503  
         -0.8621634688         -0.0700133065         -0.6512753204  
         -1.1171114372         -2.7748202952          0.2462750333  
          1.3073620885          1.0999848704          0.5846673101  
          3.4490587513          0.1211787900         -0.2507021022  
         -4.7925943236          0.8368826958         -0.8846107814  
         -2.8058889554          3.5196353063         -0.6248556341  
         -3.4027095800          1.6017770508          2.0619628061  
         -0.4691038060         -0.0059117631         -2.6749003367  
         -2.6958265759         -3.6813837543         -0.7244292326  
         -1.4722587817         -2.8277708838          2.2786170385  
          0.6057637198         -3.8239670907         -0.1663313559  
18  
         -3.1028797434          1.5910213063          0.0218925756  
         -0.8586460387         -0.0682783749         -0.6571695818  
         -1.1162860492         -2.7854289705          0.2464297123  
          1.3096131840          1.1034115640          0.5872160808  
          3.4484286530          0.1204075524         -0.2515223714  
         -4.7994909231          0.8407909157         -0.8791431903  
         -2.8209107648          3.5296947344         -0.6171824189  
         -3.4020101021          1.5991441447          2.0634150495  
         -0.4574451320          0.0035181635         -2.6789281290  
         -2.7004202760         -3.6946519896         -0.7133640686  
         -1.4746075240         -2.8189358530          2.2790507837  
          0.6019435096         -3.8478712414         -0.1516126989  
19  
         -3.1000410713          1.5814482941          0.0183775624  
         -0.8694634166         -0.0737503940         -0.6551286979  
         -1.1198083403         -2.7743321057          0.2459906268  
          1.3133818318          1.1064902509          0.5907612661  
          3.4501440103          0.1197157414         -0.2521188038  
         -4.8101681143          0.8536877359         -0.8741645118  
         -2.7918303152          3.5161881948         -0.6200760800  
         -3.3836011374          1.5953455689          2.0620184558  
         -0.4625619044         -0.0122711012         -2.6756858012  
         -2.6946217763         -3.6904976241         -0.7220639333  
         -1.4686457475         -2.8286465767          2.2792377698  
          0.6083930409         -3.8129886350         -0.1710490993  
20  
         -3.1008948024          1.5876634124          0.0189226169  
         -0.8636456509         -0.0701402521         -0.6562054445  
         -1.1190307610         -2.7802365464          0.2476254890  
          1.3112409004          1.1046026966          0.5886583338  
          3.4491404876          0.1201548988         -0.2517413395  
         -4.8040273648          0.8434816301         -0.8741417280  
         -2.8150345731          3.5278354188         -0.6132069557  
         -3.3878638998          1.5892934141          2.0622881287  
         -0.4559529492         -0.0108963783         -2.6768854314  
         -2.6954566906         -3.6943560733         -0.7200234969  
         -1.4697671852         -2.8335383926          2.2807635277  
          0.6066070645         -3.8246994711         -0.1663280725  
21  
         -3.1020202763          1.5848203769          0.0213492751  
         -0.8644680548         -0.0718874320         -0.6561000231  
         -1.1170519641         -2.7795249644          0.2447963680  
          1.3117492689          1.1052933292          0.5893267654  
          3.4494283869          0.1199656656         -0.2519027916  
         -4.8057037229          0.8509909507         -0.8791660312  
         -2.7977114128          3.5180686013         -0.6240882374  
         -3.3977509159          1.6051899616          2.0631275367  
         -0.4640775746          0.0021460736         -2.6777230657  
         -2.6995856543         -3.6908020288         -0.7154023233  
         -1.4734953448         -2.8140582837          2.2775395803  
          0.6038235305         -3.8361904769         -0.1563307988  
22  
         -3.0978977014          1.5857990662          0.0207987141  
         -0.8658380588         -0.0699228360         -0.6562000874  
         -1.1210929927         -2.7814552525          0.2450733759  
          1.3122408100          1.1060709881          0.5894049288  
          3.4489378117          0.1201204575         -0.2518016978  
         -4.7945032342          0.8377470238         -0.8817163001  
         -2.8089694389          3.5219715808         -0.6220867092  
         -3.3974912139          1.5968166831          2.0620081607  
         -0.4640535800          0.0023981061         -2.6775757924  
         -2.6965657207         -3.7090336333         -0.7106906646  
         -1.4664832156         -2.8192759663          2.2797141925  
          0.6088914229         -3.8221392501         -0.1600925701  
23  
         -3.1050235692          1.5866781081          0.0194687376  
         -0.8622781835         -0.0721048722         -0.6561052613  
         -1.1149941000         -2.7783074601          0.2473422377  
          1.3107480399          1.1038214987          0.5885806127  
          3.4496292963          0.1199988089         -0.2518433730  
         -4.8151763272          0.8567398925         -0.8715890309  
         -2.8037765373          3.5239794988         -0.6151821761  
         -3.3881091434          1.5976997619          2.0634242161  
         -0.4559645903         -0.0111388286         -2.6770445456  
         -2.6983776952         -3.6760531445         -0.7246898534  
         -1.4767348185         -2.8283404328          2.2785854834  
          0.6015223071         -3.8387362190         -0.1625080915  
24  
         -3.1036280889          1.5846446765          0.0181801306  
         -0.8583024969         -0.0684520669         -0.6501054396  
         -1.1212505950         -2.7803568877          0.2437113545  
          1.2979034873          1.1085045020          0.5901149981  
          3.4604923637          0.1151404128         -0.2559419164  
         -4.8143466387          0.8552268551         -0.8713637781  
         -2.7980079357          3.5221706902         -0.6137267462  
         -3.3829462517          1.5978371176          2.0627996596  
         -0.4483979635          0.0022361714         -2.6697545764  
         -2.6970378925         -3.7078655501         -0.7109865304  
         -1.4637098685         -2.8165681992          2.2790531356  
          0.6098188037         -3.8209823659         -0.1571934347  
25  
         -3.0993257294          1.5878390592          0.0220801906  
         -0.8698735972         -0.0735473062         -0.6621546639  
         -1.1147773847         -2.7793529765          0.2486820776  
          1.3250744142          1.1013402670          0.5878136236  
          3.4381024340          0.1249507774         -0.2476621695  
         -4.7953431110          0.8392611851         -0.8819451145  
         -2.8148458362          3.5237688780         -0.6234764296  
         -3.4026635995          1.5968609245          2.0625874319  
         -0.4717286016         -0.0109790439         -2.6848233640  
         -2.6978247915         -3.6772034322         -0.7244048115  
         -1.4792756817         -2.8311441760          2.2792115353  
          0.6006482236         -3.8398258380         -0.1653574738  
26  
         -3.0971517397          1.5864774327          0.0204127376  
         -0.8704205595         -0.0684879005         -0.6622360764  
         -1.1143192486         -2.7814442845          0.2508820247  
          1.3070458130          1.1081263250          0.5940138984  
          3.4546638165          0.1175145850         -0.2540519814  
         -4.7932573663          0.8377324884         -0.8825704247  
         -2.8094143930          3.5225941045         -0.6228752220  
         -3.3936876118          1.5925413282          2.0618092304  
         -0.4863862197          0.0005013778         -2.6874706561  
         -2.6972669328         -3.6764557225         -0.7256621714  
         -1.4814026688         -2.8398973531          2.2808200019  
          0.5988399347         -3.8450875995         -0.1646218421  
27  
         -3.1057375731          1.5860278040          0.0198397180  
         -0.8577171042         -0.0735416701         -0.6500611090  
         -1.1216737425         -2.7782725193          0.2415092332  
          1.3158926807          1.1017551583          0.5839749961  
          3.4438347167          0.1225595861         -0.2495866921  
         -4.8164081501          0.8568382673         -0.8707323962  
         -2.8033094093          3.5233786466         -0.6144019467  
         -3.3918467038          1.6020709130          2.0636208217  
         -0.4336651314         -0.0093879004         -2.6669575732  
         -2.6975324321         -3.7085356719         -0.7096857648  
         -1.4613967059         -2.8078702898          2.2773613942  
          0.6115836167         -3.8157557753         -0.1578605161  
28  
         -3.1025507645          1.5805039654          0.0176655779  
         -0.8623471153         -0.0598482293         -0.6566638126  
         -1.1198887926         -2.7833658718          0.2510052280  
          1.3130402050          1.1016877612          0.5863315930  
          3.4474396892          0.1214286229         -0.2505336814  
         -4.8137660929          0.8584422995         -0.8763515294  
         -2.7870260511          3.5150309395         -0.6193090896  
         -3.3786845144          1.6012980489          2.0621205764  
         -0.4663786188          0.0256894618         -2.6787798746  
         -2.6947275779         -3.6994602850         -0.7179613861  
         -1.4715634421         -2.8460245625          2.2840086202  
          0.6035595846         -3.8318472434         -0.1633176048  
29  
         -3.1002483339          1.5919737474          0.0225729176  
         -0.8657485699         -0.0821999699         -0.6556206827  
         -1.1161994999         -2.7764190693          0.2414197437  
          1.3098912763          1.1082110336          0.5916574990  
          3.4510659668          0.1187167109         -0.2531299952  
         -4.7957613175          0.8359622678         -0.8767533103  
         -2.8255843151          3.5308024499         -0.6177625096  
         -3.4069486541          1.5934556638          2.0631318621  
         -0.4535698888         -0.0343291098         -2.6756157361  
         -2.7003061010         -3.6857143822         -0.7174567386  
         -1.4717162143         -2.8016120618          2.2741681504  
          0.6068820196         -3.8290699925         -0.1593411177  
30  
         -3.1030578762          1.5856784317          0.0248999358  
         -0.8597973195         -0.0719072237         -0.6620368090  
         -1.1205399557         -2.7791443474          0.2486148146  
          1.3107849866          1.1058719855          0.5899828861  
          3.4493721533          0.1196660655         -0.2521919063  
         -4.8034766446          0.8522548837         -0.8827412190  
         -2.8035735980          3.5181991524         -0.6259353719  
         -3.4068698786          1.6109765414          2.0652357122  
         -0.4508798102         -0.0117311315         -2.6826374483  
         -2.6930331293         -3.6965100700         -0.7223774892  
         -1.4679402011         -2.8349696937          2.2819561610  
          0.6057402921         -3.8218167041         -0.1684227423  
31  
         -3.0997725800          1.5867886406          0.0154114594  
         -0.8683053231         -0.0701601329         -0.6502790021  
         -1.1155636300         -2.7806109759          0.2438020769  
          1.3121639506          1.1040447845          0.5879664134  
          3.4491794374          0.1204794674         -0.2514306486  
         -4.8061892484          0.8424036185         -0.8705278140  
         -2.8091194061          3.5276675881         -0.6113338424  
         -3.3786947549          1.5834140005          2.0600889232  
         -0.4690903407          0.0028828679         -2.6719749672  
         -2.7019781548         -3.6887012178         -0.7129833965  
         -1.4754525007         -2.8126332546          2.2762811652  
          0.6045984423         -3.8390993820         -0.1542673785  
32  
         -3.1018400857          1.5856362171          0.0186942629  
         -0.8592996023         -0.0708434961         -0.6556954207  
         -1.1193762338         -2.7797003214          0.2451321635  
          1.3121262384          1.1052234904          0.5903667132  
          3.4484954756          0.1201808719         -0.2518281247  
         -4.8102088092          0.8524903112         -0.8734682092  
         -2.8100691731          3.5254499041         -0.6133025190  
         -3.3927276192          1.6005237166          2.0616225714  
         -0.4917487125         -0.0167940247         -2.6846294746  
         -2.6962242749         -3.6971713599         -0.7181110958  
         -1.4665232413         -2.8222607584          2.2792895021  
          0.6058132398         -3.8292561680         -0.1583368752  
33  
         -3.1010817308          1.5868446966          0.0215588287  
         -0.8688152126         -0.0711768285         -0.6566069910  
         -1.1167007330         -2.7800496436          0.2472663552  
          1.3108681943          1.1046718810          0.5876119812  
          3.4500743061          0.1199344266         -0.2518218122  
         -4.7995001483          0.8419800657         -0.8798693567  
         -2.8027007576          3.5204884830         -0.6240236844  
         -3.3929042721          1.5939841636          2.0638178806  
         -0.4283843242          0.0079097208         -2.6692674025  
         -2.6988239620         -3.6879583917         -0.7173296937  
         -1.4767059794         -2.8253801476          2.2790192077  
          0.6046541489         -3.8316374719         -0.1643290744  
34  
         -3.1030616999          1.5860154813          0.0216913769  
         -0.8656117656         -0.0658480060         -0.6559146864  
         -1.1169745411         -2.7787240267          0.2437070963  
          1.3115685631          1.1045443662          0.5890879253  
          3.4493766446          0.1201124796         -0.2517424658  
         -4.7985418291          0.8418904737         -0.8848927725  
         -2.7955411808          3.5186973573         -0.6231922494  
         -3.3847561142          1.5962031067          2.0652345556  
         -0.4560267953         -0.0326863080         -2.6769442220  
         -2.6981618520         -3.7024491713         -0.7076106234  
         -1.4738130707         -2.8303774051          2.2764600344  
          0.6011250240         -3.8420536553         -0.1531623329  
35  
         -3.0998434946          1.5864664426          0.0185610831  
         -0.8624948840         -0.0761822311         -0.6563860391  
         -1.1190997478         -2.7810384418          0.2487018790  
          1.3114176842          1.1053510643          0.5888937382  
          3.4491897977          0.1200070973         -0.2519010281  
         -4.8111134004          0.8526560719         -0.8684620226  
         -2.8171880098          3.5271789242         -0.6140931484  
         -3.4008542447          1.5983299574          2.0601669154  
         -0.4643980341          0.0239083411         -2.6772039173  
         -2.6967068292         -3.6827058424         -0.7278344836  
         -1.4694269388         -2.8172333343          2.2818452162  
          0.6092052703         -3.8188044378         -0.1695156138  
36  
         -3.1012149063          1.5871188603          0.0195842889  
         -0.8634647765         -0.0743941840         -0.6559099158  
         -1.1178470084         -2.7745066422          0.2454326119  
          1.3114486097          1.1051673919          0.5889533537  
          3.4492342313          0.1199975279         -0.2518619463  
         -4.8068039230          0.8460957833         -0.8717610450  
         -2.8077915862          3.5244084018         -0.6179134396  
         -3.3967972932          1.5946760667          2.0617107646  
         -0.4609201772          0.0064956807         -2.6766173528  
         -2.6900898284         -3.7076671915         -0.7111898138  
         -1.4714667088         -2.8405870834          2.2778814367  
          0.5951526827         -3.8438563047         -0.1576996527  
37  
         -3.1016978546          1.5853611949          0.0206826369  
         -0.8646492676         -0.0676379940         -0.6563916169  
         -1.1182276162         -2.7852639560          0.2469795002  
          1.3115373229          1.1047246307          0.5890324069  
          3.4493311695          0.1201211957         -0.2517824271  
         -4.8029255102          0.8483836805         -0.8815616545  
         -2.8049324799          3.5215585496         -0.6193893850  
         -3.3888243090          1.5998278872          2.0637364905  
         -0.4591816310         -0.0152432735         -2.6779333641  
         -2.7048014001         -3.6773777144         -0.7240778008  
         -1.4717600613         -2.8070150056          2.2802224193  
          0.6151478823         -3.8169356107         -0.1648633122  
38  
         -3.0970537657          1.5829559009          0.0195460128  
         -0.8661671751         -0.0683788938         -0.6558215912  
         -1.1171137615         -2.7799724492          0.2455265570  
          1.3112471588          1.1046880465          0.5887409445  
          3.4496026880          0.1200539348         -0.2517908132  
         -4.8126802342          0.8630993466         -0.8700323853  
         -2.8225283282          3.5241916963         -0.6155280226  
         -3.4066751893          1.6062733448          2.0594820525  
         -0.4541454490         -0.0112725181         -2.6754731364  
         -2.7003335494         -3.6937091295         -0.7115887693  
         -1.4763920916         -2.8266016453          2.2775999004  
          0.6052878685         -3.8326783609         -0.1595210927  
39  
         -3.1058653482          1.5895331653          0.0207183678  
         -0.8619499837         -0.0736473180         -0.6564793968  
         -1.1189684880         -2.7797870222          0.2468902378  
          1.3117374771          1.1052090613          0.5892433681  
          3.4489601286          0.1200655988         -0.2518529019  
         -4.7968471064          0.8314457655         -0.8831447997  
         -2.7902234698          3.5215911272         -0.6216647737  
         -3.3789095237          1.5882268341          2.0657424601  
         -0.4659239401          0.0024855988         -2.6790954823  
         -2.6946802811         -3.6914565776         -0.7238413015  
         -1.4668564735         -2.8210132229          2.2807274790  
          0.6051785368         -3.8282227720         -0.1631372370  
40  
         -3.1005365353          1.5865698990          0.0190573870  
         -0.8651290691         -0.0689481788         -0.6563409999  
         -1.1189581981         -2.7804317924          0.2470130366  
          1.3114802728          1.1047728784          0.5888992215  
          3.4493750794          0.1200847120         -0.2517781179  
         -4.8090236866          0.8375017950         -0.8594745775  
         -2.7939768711          3.5226679183         -0.6149421229  
         -3.4081779931          1.5949586784          2.0596402275  
         -0.4569204897         -0.0098342164         -2.6769621556  
         -2.6883460624         -3.6945394236         -0.7319414742  
         -1.4598062085         -2.8155464815          2.2820628671  
          0.5997665452         -3.8385238923         -0.1618544383  
41  
         -3.1023848975          1.5859105107          0.0212102254  
         -0.8629888025         -0.0730819742         -0.6559660503  
         -1.1171258230         -2.7793336349          0.2454063572  
          1.3115025885          1.1051206953          0.5890853520  
          3.4491880355          0.1200342968         -0.2518639638  
         -4.8005748037          0.8571061338         -0.8937472304  
         -2.8187732447          3.5232424190         -0.6223062950  
         -3.3774150815          1.5995851109          2.0656921159  
         -0.4631230155          0.0010739396         -2.6776469615  
         -2.7065571857         -3.6906022767         -0.7034205585  
         -1.4833948444         -2.8320776974          2.2761756137  
          0.6106743321         -3.8223671858         -0.1607774302  
42  
         -3.1007834342          1.5865573954          0.0214044895  
         -0.8646024501         -0.0708245827         -0.6556533258  
         -1.1193623002         -2.7798050429          0.2456324040  
          1.3115097122          1.1048625484          0.5888797220  
          3.4493241036          0.1200743666         -0.2518081035  
         -4.8065637250          0.8597286038         -0.8816292208  
         -2.8150551156          3.5185929130         -0.6355137315  
         -3.3899813821          1.5839006199          2.0638575584  
         -0.4596087621         -0.0036372418         -2.6765202061  
         -2.6953157215         -3.6879001698         -0.7274950715  
         -1.4534831310         -2.8259983630          2.2820195503  
          0.6053458634         -3.8342326229         -0.1471007977  
43  
         -3.1021300933          1.5859310532          0.0188602506  
         -0.8635104910         -0.0712027470         -0.6566514238  
         -1.1167213777         -2.7799530438          0.2467998032  
          1.3114819188          1.1050360885          0.5891026540  
          3.4492458839          0.1200441842         -0.2518345855  
         -4.8031172018          0.8347754181         -0.8716304232  
         -2.7977856554          3.5272090000         -0.6016913981  
         -3.3956534496          1.6105982000          2.0615069352  
         -0.4604010344         -0.0051141372         -2.6781167616  
         -2.6996850743         -3.6972413315         -0.7079061831  
         -1.4897433520         -2.8216646915          2.2761515325  
          0.6049939566         -3.8266612003         -0.1755354476  
44  
         -3.1015778024          1.5847722958          0.0202146464  
         -0.8651659081         -0.0711231483         -0.6553852500  
         -1.1183447622         -2.7793615403          0.2473474339  
          1.3114936134          1.1049396490          0.5888765006  
          3.4493676534          0.1200626505         -0.2518239215  
         -4.8000496010          0.8516018005         -0.8899998543  
         -2.8159081776          3.5259219211         -0.6107970681  
         -3.3808360624          1.6098380412          2.0643130980  
         -0.4580924986         -0.0047151052         -2.6757560153  
         -2.6852856581         -3.7000524831         -0.7296688566  
         -1.4670848879         -2.8131319976          2.2808754438  
          0.5962109967         -3.8405170026         -0.1704917390  
45  
         -3.1013405154          1.5877084716          0.0200634752  
         -0.8629502325         -0.0709043310         -0.6569211937  
         -1.1177376591         -2.7804045962          0.2450615872  
          1.3114940826          1.1049519454          0.5891111769  
          3.4491991631          0.1200579023         -0.2518221214  
         -4.8096168209          0.8429375633         -0.8632679226  
         -2.7968506751          3.5199714657         -0.6264770419  
         -3.4047995242          1.5846947992          2.0609892740  
         -0.4619227931         -0.0040230699         -2.6788784518  
         -2.7096148717         -3.6850739269         -0.7056550068  
         -1.4761478419         -2.8344800831          2.2774047951  
          0.6141375770         -3.8203478437         -0.1520883180  
46  
         -3.1016745928          1.5853813551          0.0193593623  
         -0.8652382243         -0.0717893791         -0.6569532110  
         -1.1187801941         -2.7796405156          0.2450456318  
          1.3115498970          1.1050443469          0.5890484340  
          3.4493449777          0.1200267835         -0.2518491677  
         -4.8009215352          0.8397080997         -0.8791299472  
         -2.8052105445          3.5275928931         -0.6026071052  
         -3.3904574149          1.6130620485          2.0623718032  
         -0.4570600568         -0.0021864097         -2.6772489778  
         -2.7026911226         -3.6833215191         -0.7193042144  
         -1.4580350381         -2.8339458690          2.2805172440  
          0.6099945790         -3.8290540230         -0.1421914980  
47  
         -3.1012389092          1.5871025906          0.0209164068  
         -0.8628734047         -0.0702378248         -0.6553495320  
         -1.1172974162         -2.7801214978          0.2473795723  
          1.3114436426          1.1048529501          0.5889368683  
          3.4492267308          0.1200953115         -0.2517968005  
         -4.8087939440          0.8547626348         -0.8741724518  
         -2.8075946591          3.5182401128         -0.6346562722  
         -3.3951764578          1.5814269383          2.0629579157  
         -0.4629546226         -0.0065561895         -2.6773744221  
         -2.6923283084         -3.7018158143         -0.7160890708  
         -1.4852281843         -2.8136826593          2.2776775756  
          0.6002577482         -3.8318113607         -0.1804204723  
48  
         -3.1021269906          1.5866458473          0.0203963111  
         -0.8640191580         -0.0711243326         -0.6561455151  
         -1.1175935425         -2.7784312967          0.2455203551  
          1.3114958480          1.1049510131          0.5889920502  
          3.4492808849          0.1200569004         -0.2518221685  
         -4.7970993574          0.8507401985         -0.8724460085  
         -2.8078194913          3.5149012464         -0.6158489514  
         -3.3915485664          1.5973233185          2.0527026738  
         -0.4600382648         -0.0042631465         -2.6772601231  
         -2.7126320928         -3.7011135181         -0.7271424712  
         -1.4751512399         -2.8239248530          2.2998691563  
          0.6185250274         -3.8381773752         -0.1646169363  
49  
         -3.1007899825          1.5858380015          0.0198741413  
         -0.8640954705         -0.0709031468         -0.6561609928  
         -1.1184887655         -2.7813314862          0.2468991503  
          1.3114933938          1.1049446750          0.5889930361  
          3.4492874922          0.1200638652         -0.2518219057  
         -4.8126450454          0.8437247999         -0.8808802133  
         -2.8049128332          3.5310726911         -0.6214494691  
         -3.3940651044          1.5971760054          2.0727644404  
         -0.4599735995         -0.0044795849         -2.6773789917  
         -2.6824183092         -3.6840612604         -0.7082818037  
         -1.4681049620         -2.8236949434          2.2584788672  
          0.5919383369         -3.8227444644         -0.1580307071  
50  
         -3.1001433049          1.5853569555          0.0196263845  
         -0.8640858498         -0.0709898437         -0.6562875442  
         -1.1178415110         -2.7791448681          0.2458690915  
          1.3114868969          1.1049456585          0.5889854019  
          3.4492877305          0.1200587134         -0.2518191685  
         -4.8200759477          0.8403702170         -0.8848945249  
         -2.8035089975          3.5398169045         -0.6243907010  
         -3.3954154316          1.5971734124          2.0826745427  
         -0.4603025612         -0.0044390780         -2.6754749005  
         -2.7049476977         -3.6967514801         -0.7223374493  
         -1.4733746354         -2.8239112099          2.2894255723  
          0.6120219039         -3.8344750387         -0.1629811410  
51  
         -3.1027734340          1.5871257487          0.0206435440  
         -0.8640283570         -0.0710387750         -0.6560188753  
         -1.1182400168         -2.7806189267          0.2465510601  
          1.3115026535          1.1049493678          0.5889995202  
          3.4492810419          0.1200612711         -0.2518247092  
         -4.7896773432          0.8541059201         -0.8684236346  
         -2.8092387813          3.5061598606         -0.6129014747  
         -3.3902131443          1.5973365585          2.0427892492  
         -0.4597090215         -0.0043052848         -2.6791641878  
         -2.6901033902         -3.6884106639         -0.7130978853  
         -1.4698770691         -2.8236922195          2.2689245540  
          0.5984483461         -3.8264366426         -0.1596715779  
52  
         -3.1014397465          1.5862771108          0.0196755981  
         -0.8646640483         -0.0711205683         -0.6533398585  
         -1.1180261937         -2.7799566564          0.2457692858  
          1.3115057868          1.1049565528          0.5890129815  
          3.4492785741          0.1200435755         -0.2518422909  
         -4.8041079257          0.8476949954         -0.8762954519  
         -2.8067041734          3.5217153031         -0.6183279136  
         -3.3933975795          1.5972181674          2.0673201448  
         -0.4529755687         -0.0030446197         -2.7106784347  
         -2.6957950306         -3.6917489247         -0.7167353356  
         -1.4723816378         -2.8238302325          2.2833499911  
          0.6041240721         -3.8298874043         -0.1611775368  
53  
         -3.1014674642          1.5862065076          0.0205987073  
         -0.8634512639         -0.0709128003         -0.6589690713  
         -1.1180564127         -2.7798073915          0.2466510773  
          1.3114763795          1.1049398993          0.5889684131  
          3.4492857579          0.1200790454         -0.2517990451  
         -4.8056279367          0.8467754810         -0.8770295571  
         -2.8060089335          3.5242563306         -0.6189688397  
         -3.3921986362          1.5972766610          2.0581520711  
         -0.4670203501         -0.0057027987         -2.6439596610  
         -2.6992569855         -3.6934101523         -0.7187034459  
         -1.4708685434         -2.8237652609          2.2750011586  
          0.6063456707         -3.8310220758         -0.1614798451  
54  
         -3.1019396650          1.5861882559          0.0187460134  
         -0.8640742698         -0.0710298903         -0.6559657876  
         -1.1170324714         -2.7790923815          0.2487168021  
          1.3114910474          1.1049410789          0.5889827627  
          3.4492796324          0.1200671304         -0.2518183006  
         -4.7967021617          0.8508668348         -0.8725436646  
         -2.8069430099          3.5200290696         -0.6180094131  
         -3.3945300501          1.5972187654          2.0746272186  
         -0.4596243893         -0.0042380358         -2.6792593065  
         -2.7144472751         -3.7022330748         -0.7277191195  
         -1.4677285819         -2.8233161626          2.2585987222  
          0.6060527255         -3.8306508440         -0.1609008035  
55  
         -3.1009778043          1.5862933997          0.0215253150  
         -0.8640414412         -0.0709990220         -0.6563396541  
         -1.1190511366         -2.7806690057          0.2437044771  
          1.3114973823          1.1049535514          0.5890025476  
          3.4492877419          0.1200522648         -0.2518256681  
         -4.8130363496          0.8435947533         -0.8807923750  
         -2.8057893728          3.5259402908         -0.6192937622  
         -3.3910704603          1.5972763595          2.0508426671  
         -0.4603890049         -0.0045066280         -2.6753788704  
         -2.6805911206         -3.6829173827         -0.7077465944  
         -1.4754957429         -2.8242608511          2.2997574225  
          0.6044123714         -3.8302588898         -0.1617521350  
56  
         -3.1023609189          1.5862550786          0.0174971394  
         -0.8639754868         -0.0710045188         -0.6567112657  
         -1.1186677012         -2.7802628961          0.2449930086  
          1.3115031278          1.1049489383          0.5890041435  
          3.4492891037          0.1200609361         -0.2518206262  
         -4.7895746233          0.8539685625         -0.8690286154  
         -2.8075966764          3.5162142322         -0.6169436972  
         -3.3961950510          1.5973251703          2.0852039884  
         -0.4612510789         -0.0045856486         -2.6715789806  
         -2.6885952778         -3.6874272492         -0.7124287534  
         -1.4735033900         -2.8241108618          2.2890616776  
          0.6057613208         -3.8308947030         -0.1617094242  
57  
         -3.1005554836          1.5862276467          0.0227751644  
         -0.8641409076         -0.0710240317         -0.6555935336  
         -1.1174143597         -2.7795010285          0.2474275135  
          1.3114846342          1.1049462934          0.5889813475  
          3.4492775588          0.1200593345         -0.2518235950  
         -4.8201560806          0.8405060480         -0.8843268717  
         -2.8051415520          3.5297522594         -0.6203682034  
         -3.3893858066          1.5971704989          2.0402691665  
         -0.4587629559         -0.0041587408         -2.6830585494  
         -2.7064538803         -3.6977289993         -0.7230159846  
         -1.4697388015         -2.8234845253          2.2692906721  
          0.6047103381         -3.8300121054         -0.1609455441  
58  
         -3.1031305088          1.5835991109          0.0207064403  
         -0.8641108304         -0.0710664548         -0.6560424835  
         -1.1178674877         -2.7799645042          0.2460848717  
          1.3115016261          1.1049473210          0.5890001045  
          3.4492896778          0.1200644465         -0.2518272506  
         -4.7892874244          0.8536939993         -0.8681277921  
         -2.8025215917          3.5488985203         -0.6273670028  
         -3.3922054928          1.5967083828          2.0560282334  
         -0.4597125220         -0.0042950550         -2.6785321598  
         -2.6975520041         -3.6926044769         -0.7177650953  
         -1.4718000590         -2.8238026575          2.2802302736  
          0.6033859211         -3.8293305449         -0.1608973246  
59  
         -3.0997848277          1.5888839374          0.0195624899  
         -0.8640049517         -0.0709606406         -0.6562635948  
         -1.1182161664         -2.7797977597          0.2463354036  
          1.3114867921          1.1049485606          0.5889850133  
          3.4492776156          0.1200559370         -0.2518167785  
         -4.8204518957          0.8407344036         -0.8851730156  
         -2.8101709717          3.4970696683         -0.6099287470  
         -3.3934177071          1.5977756332          2.0694329820  
         -0.4603005135         -0.0044476201         -2.6761065587  
         -2.6975021040         -3.6925510318         -0.7176738455  
         -1.4714528291         -2.8237927843          2.2781204576  
          0.6070842376         -3.8315755541         -0.1617583180  
60  
         -3.1015345232          1.5860699358          0.0202502141  
         -0.8641477675         -0.0710162703         -0.6559614014  
         -1.1209456564         -2.7790648555          0.2471675046  
          1.3114948214          1.1049601963          0.5889905455  
          3.4492810626          0.1200493705         -0.2518224238  
         -4.8042370717          0.8474674590         -0.8762933954  
         -2.8060892689          3.5248155448         -0.6192538482  
         -3.3926230734          1.5971812935          2.0614880088  
         -0.4595311340         -0.0042589298         -2.6792800840  
         -2.6890596370         -3.6873006095         -0.7120431523  
         -1.4701562015         -2.8234725479          2.2678529310  
          0.6303358445         -3.8458583023         -0.1672501739  
61  
         -3.1013835686          1.5864111529          0.0200204804  
         -0.8639669339         -0.0710129877         -0.6563437845  
         -1.1151346044         -2.7806969772          0.2452521295  
          1.3114946252          1.1049344788          0.5889946294  
          3.4492873437          0.1200701725         -0.2518217618  
         -4.8055047414          0.8469895567         -0.8770357216  
         -2.8066407106          3.5211544582         -0.6180467574  
         -3.3929878335          1.5973127485          2.0639800448  
         -0.4604811247         -0.0044863958         -2.6753578161  
         -2.7060085655         -3.6978422580         -0.7233735992  
         -1.4731243191         -2.8241193101          2.2904891306  
          0.5801484342         -3.8150253864         -0.1554158999  
