-268.435457383215
-268.435456288341
-268.435456336167
-268.435457000875
-268.435456981822
-268.435455310224
-268.435455363746
-268.435440715405
-268.435440730312
-268.435441297195
-268.435441297030
-268.435444892443
-268.435444917157
-268.435424952154
-268.435424753407
-268.435423547431
-268.435423071108
-268.435420150936
-268.435419905716
-268.435447936958
-268.435447878868
-268.435436966104
-268.435436973080
-268.435253523223
-268.435246766102
-268.435324675386
-268.435322897906
-268.435317164671
-268.435316387754
-268.435397503961
-268.435397404028
-268.435395351761
-268.435395178462
-268.435379659630
-268.435379704747
-268.435397168709
-268.435397709223
-268.435395574576
-268.435396042713
-268.435390774995
-268.435390634076
-268.435394020830
-268.435393947964
-268.435392583846
-268.435392589877
-268.435391837287
-268.435391783210
-268.435215697194
-268.435208901421
-268.435215559496
-268.435207885170
-268.435227848085
-268.435209579751
-268.435217811949
-268.435216321173
-268.435216732618
-268.435214247013
-268.435218294733
-268.435211776586
-268.435219325205
-268.435207789450
