   12.000000   12.000000   12.000000   15.994915   15.994915    1.007825    1.007825    1.007825    1.007825    1.007825    1.007825    1.007825  
    1    1                      0.093382  
    2    2                      0.034169  
    3    3                      0.178421  
    4    4                      1.452698  
    5    5                      1.402626  
    6    6                      1.088054  
    7    7                      2.836487  
    8    8                      2.971074  
    9    9                      3.257155  
   10   10                      0.826198  
   11   11                      1.779963  
   12   12                      4.517535  
   13   13                      2.912234  
   14   14                      3.065053  
   15   15                      1.306380  
   16   16                      1.354095  
   17   17                      1.693783  
   18   18                      1.306708  
   19   19                      1.342247  
   20   20                      1.453510  
   21   21                      1.382013  
   22   22                      1.412478  
   23   23                      1.429407  
   24   24                      5.342515  
   25   25                      5.355093  
   26   26                      5.202685  
   27   27                      5.238595  
   28   28                      5.272966  
   29   29                      5.282866  
   30   30                      5.315092  
    0  
