ZMAT begin
1 2

1 3
1 4
1 5

2 6

1 2 6

3 1 2
4 1 2
5 1 2
4 1 5
3 1 4
3 1 5

3 1 2 6 T
4 1 2 6 T
5 1 2 6 T
ZMAT end

cart begin
C        0.0000000000     -0.0242640817      1.3747756567                 
O        0.0000000000      0.1206779016     -1.3063297814                 
H        0.0000000000      1.9096437005      2.0775458546                 
H        1.6819317189     -0.9793126991      2.1086885389                 
H       -1.6819317189     -0.9793126991      2.1086885389                 
H        0.0000000000     -1.5775243580     -1.9414666861                 
cart end 

