Index, relative energy, directory 
[('ref', 'ref'), 'ref', -115.55078658415, 1]
[(0, 0), 'plus', -115.550786455059, 2]
[(0, 0), 'minus', -115.550786451404, 3]
[(1, 1), 'plus', -115.55077457354, 4]
[(1, 1), 'minus', -115.550774404639, 5]
[(2, 2), 'plus', -115.550777075223, 6]
[(2, 2), 'minus', -115.550777133708, 7]
[(3, 3), 'plus', -115.550783484113, 8]
[(3, 3), 'minus', -115.550783484964, 9]
[(4, 4), 'plus', -115.550778559923, 10]
[(4, 4), 'minus', -115.550778540721, 11]
[(5, 5), 'plus', -115.550784847852, 12]
[(5, 5), 'minus', -115.55078484218, 13]
[(6, 6), 'plus', -115.550783775499, 14]
[(6, 6), 'minus', -115.550783777885, 15]
[(7, 7), 'plus', -115.550783325889, 16]
[(7, 7), 'minus', -115.550783324661, 17]
[(8, 8), 'plus', -115.550769674184, 18]
[(8, 8), 'minus', -115.550769897672, 19]
[(9, 9), 'plus', -115.550770423972, 20]
[(9, 9), 'minus', -115.550770423305, 21]
[(10, 10), 'plus', -115.550769749702, 22]
[(10, 10), 'minus', -115.550769464452, 23]
[(11, 11), 'plus', -115.550759420799, 24]
[(11, 11), 'minus', -115.550760064099, 25]
