                    25                     0
   1.08010097365465     
 -0.401252616212813     
  0.152130665402381     
  7.132847415826279E-002
 -2.813879647775711E-002
  5.690122491076718E-003
 -4.589395230311121E-002
  1.691594231627956E-002
 -2.607170804382729E-003
  3.174488703582499E-003
  0.000000000000000E+000
  0.000000000000000E+000
  0.000000000000000E+000
  0.000000000000000E+000
  1.913925357387571E-003
 -3.939348945519753E-003
  2.853867121439485E-003
 -1.476208478598146E-003
  1.309991617184975E-003
  0.000000000000000E+000
   2.00164767406804     
  0.352536369990115     
 -0.184320528296134     
  4.362526135940308E-002
 -4.094994098061001E-002
  0.000000000000000E+000
 -1.040027910575534E-002
   1.70096831138878     
 -0.208748049007906     
  8.688206220343977E-002
 -2.041173194813688E-002
  2.808448549840612E-003
  0.000000000000000E+000
 -1.791427153867764E-003
 -9.922103834997560E-002
  9.498912909092622E-002
 -0.789152296983625     
  0.261879786582728     
 -3.180778517518808E-002
  4.724907402367653E-002
  0.000000000000000E+000
  4.514736257447505E-006
 -2.077656761235317E-004
 -2.756681304051450E-005
   1.02100933567910     
  0.641774804156094     
 -0.252952195185963     
  5.930426893330151E-002
  4.989253981915133E-003
  0.000000000000000E+000
  7.093918240652338E-003
 -0.272237493130194     
 -0.315022602238223     
  5.625840514127990E-005
   1.27109948844054     
  0.000000000000000E+000
  0.000000000000000E+000
  0.000000000000000E+000
  0.000000000000000E+000
  5.695526642819738E-002
  0.000000000000000E+000
  0.000000000000000E+000
  0.000000000000000E+000
  0.000000000000000E+000
  0.000000000000000E+000
   1.69489492439493     
  0.110710769456864     
 -3.674448792719282E-002
  4.466676493426277E-003
 -6.622958122297893E-003
  0.000000000000000E+000
 -2.527732068030872E-006
 -6.868381299029162E-006
 -3.705368976349864E-005
 -0.143130365549883     
  1.574592251942687E-004
  0.000000000000000E+000
  2.006477589482752E-002
 -4.587249248826431E-002
  2.129808665865424E-002
 -5.016492394995459E-003
  2.758557659398773E-003
  0.000000000000000E+000
 -2.407884455873986E-003
 -0.112229378075053     
  1.720597041056742E-002
  1.826163016090358E-004
 -2.157527660321101E-002
  0.000000000000000E+000
 -2.836117744442899E-005
  8.682606252309941E-003
  0.000000000000000E+000
  0.000000000000000E+000
  0.000000000000000E+000
  0.000000000000000E+000
  4.426408011144175E-003
  0.000000000000000E+000
  0.000000000000000E+000
  0.000000000000000E+000
  0.000000000000000E+000
  0.000000000000000E+000
  0.131722612181041     
  0.000000000000000E+000
  0.000000000000000E+000
  1.023712226053846E-002
 -1.545534393517011E-003
  5.407418198935517E-004
 -1.255814491293993E-004
 -7.576920655275972E-005
  0.000000000000000E+000
  6.904933024635423E-005
  3.399045869781739E-003
  8.600053419534331E-004
  2.111173947394208E-005
 -4.470027794789604E-003
  0.000000000000000E+000
 -3.542033218035537E-006
 -9.796785500173981E-005
  0.000000000000000E+000
  1.935512621280524E-005
 -2.966666613707280E-002
  9.845859413433551E-003
 -1.196376080461350E-003
  1.775870747830993E-003
  0.000000000000000E+000
 -1.203730587959736E-006
 -1.755830244981226E-005
  3.486714904666224E-006
  3.836948515180905E-002
 -1.099044723211111E-005
  0.000000000000000E+000
 -5.378834431576749E-003
  7.980391830994510E-006
  0.000000000000000E+000
  8.207243502894747E-007
  1.441923767271236E-003
  0.000000000000000E+000
  0.000000000000000E+000
  0.000000000000000E+000
  0.000000000000000E+000
  5.405678730093250E-007
  0.000000000000000E+000
  0.000000000000000E+000
  0.000000000000000E+000
  0.000000000000000E+000
  0.000000000000000E+000
  1.608640959321145E-005
  0.000000000000000E+000
  0.000000000000000E+000
  1.250191891977271E-006
  0.000000000000000E+000
  0.000000000000000E+000
  1.526776497327384E-010
  8.086449489016594E-003
 -3.155403633123298E-003
  7.390311560998460E-004
  9.186978002344302E-005
  0.000000000000000E+000
  5.929248637818766E-005
 -4.691034264564968E-003
 -4.013458336477730E-003
 -1.579177225285266E-005
  1.665442247049449E-002
  0.000000000000000E+000
  4.380649006613377E-006
 -2.026713498092074E-004
  0.000000000000000E+000
 -6.024130691846835E-005
 -7.565358868180303E-007
  0.000000000000000E+000
  2.189827608606640E-004
  0.000000000000000E+000
  0.000000000000000E+000
  0.000000000000000E+000
  0.000000000000000E+000
  1.134413329518419E-003
  0.000000000000000E+000
  0.000000000000000E+000
  0.000000000000000E+000
  0.000000000000000E+000
  0.000000000000000E+000
  3.375827232395892E-002
  0.000000000000000E+000
  0.000000000000000E+000
  2.623600878867626E-003
  0.000000000000000E+000
  0.000000000000000E+000
  3.204029866077057E-007
  0.000000000000000E+000
  6.723844256630895E-004
 -6.540915095499582E-003
  2.614661813229746E-003
 -6.134497069704467E-004
 -1.610057347068331E-005
  0.000000000000000E+000
 -1.283418166245419E-004
  1.291988394783230E-003
  3.153452994524297E-003
 -5.319967221089418E-006
 -1.218439467570488E-002
  0.000000000000000E+000
 -8.386157885778398E-007
  3.006392048109472E-004
  0.000000000000000E+000
  4.088618070566309E-005
 -6.418846347144449E-008
  0.000000000000000E+000
 -1.587414539421957E-004
  0.000000000000000E+000
  1.178552732365326E-004
 -0.141162208935802     
  4.084648802799448E-003
  2.205779095771380E-002
  2.717895014491403E-002
  0.000000000000000E+000
 -3.927118579862054E-003
  0.352194799685865     
 -0.208392520077731     
  0.789835121019346     
  0.640392383291236     
  0.000000000000000E+000
 -0.110640038508833     
 -4.554132404137046E-002
  0.000000000000000E+000
 -1.508214980406248E-003
  2.967162808488847E-002
  0.000000000000000E+000
  8.043003611776071E-003
  0.000000000000000E+000
 -6.534788631369823E-003
   1.07947497439725     
  4.074976931728522E-003
  1.759276009233376E-002
 -1.177951854624360E-002
 -7.330582117636734E-003
  0.000000000000000E+000
  2.847995317128572E-003
 -0.184163713367050     
  8.670969916275548E-002
 -0.262020505210483     
 -0.252308074335352     
  0.000000000000000E+000
  3.669865012907193E-002
  2.117914405395839E-002
  0.000000000000000E+000
  5.278308318894260E-004
 -9.842298530943764E-003
  0.000000000000000E+000
 -3.138615680894912E-003
  0.000000000000000E+000
  2.610784849005487E-003
 -0.400798570980309     
  0.151878942327200     
 -2.201533089834623E-002
  1.177355490184765E-002
 -3.701389688802890E-003
 -3.428144571276839E-004
  0.000000000000000E+000
  1.475478689480916E-003
 -4.365865976854154E-002
  2.039963100579483E-002
 -3.196112021371077E-002
 -5.923904655780123E-002
  0.000000000000000E+000
  4.472787194180208E-003
  5.006173175525693E-003
  0.000000000000000E+000
  1.239740535631319E-004
 -1.200056996834177E-003
  0.000000000000000E+000
 -7.371225671867321E-004
  0.000000000000000E+000
  6.131485136236002E-004
 -7.136311306922999E-002
  2.813540919694556E-002
  5.695458581611022E-003
  2.719936914202607E-002
 -7.349603048581116E-003
  3.452528497653421E-004
 -1.197318361715023E-003
  0.000000000000000E+000
  1.305628240825222E-003
 -4.085977481364440E-002
  2.762837929222993E-003
 -4.718023169500259E-002
  5.136006174313886E-003
  0.000000000000000E+000
  6.614649727416435E-003
  2.731732960866323E-003
  0.000000000000000E+000
 -7.810251635255141E-005
 -1.772780690906882E-003
  0.000000000000000E+000
  9.525053881973564E-005
  0.000000000000000E+000
 -1.714802246718425E-005
 -4.576252098106815E-002
  1.685752886516708E-002
  2.602513855951462E-003
  3.164309891492345E-003
  0.000000000000000E+000
  0.000000000000000E+000
  0.000000000000000E+000
  0.000000000000000E+000
  1.912953724298852E-003
  0.000000000000000E+000
  0.000000000000000E+000
  0.000000000000000E+000
  0.000000000000000E+000
  0.000000000000000E+000
  5.692635222774288E-002
  0.000000000000000E+000
  0.000000000000000E+000
  4.424160878323034E-003
  0.000000000000000E+000
  0.000000000000000E+000
  5.402934455714486E-007
  0.000000000000000E+000
  1.133837427473447E-003
  0.000000000000000E+000
  0.000000000000000E+000
  0.000000000000000E+000
  0.000000000000000E+000
  0.000000000000000E+000
  1.911982584474332E-003
