D2EZORDR
    -1796243526      959211392              0              0
              0              0     1764535828    -1188446729
              0    -1189085184              0      957349888
     1578536248    -1191883703              0              0
              0              0              0              0
     1587358570     1071077419    -1690991173    -1077012156
              0    -1189085184    -1940994932    -1076549622
     2072700613     1070196130              0              0
    -1837943056    -1079934714     2125102034     1067503240
              0              0    -1690991173    -1077012156
     1488285023     1070409028              0    -1189085184
     1567625816     1070671475      313161328    -1076986778
              0              0     2125102032    -1079980408
    -1622109927     1065710107     1764535828    -1188446729
              0    -1189085184              0    -1189085184
     1764535829      960085495              0              0
              0              0     1764535828    -1188446729
              0      958398464              0    -1189085184
              0    -1189085184    -1940994932    -1076549622
     1567625816     1070671475              0              0
    -1940994931     1071982602              0              0
              0      958398464    -1940994932    -1076549622
     1567625816    -1076812173              0      957349888
     2072700614     1070196130      313161326    -1076986778
              0              0              0              0
      313161326     1071545446              0      957349888
     2072700615    -1077287518      313161327    -1076986778
     1578536248    -1191883703              0              0
              0              0     1764535828    -1188446729
              0      958398464              0      957349888
    -1796243526      959211392              0              0
              0              0              0              0
    -1837943056    -1079934714     2125102034    -1079980408
              0      958398464    -1940994932    -1076549622
     2072700614    -1077287518              0              0
     1587358570     1071077419    -1690991173     1070471492
              0              0     2125102032     1067503240
    -1622109927     1065710107              0    -1189085184
     1567625816    -1076812173      313161328    -1076986778
              0              0    -1690991173     1070471492
     1488285023     1070409028
DIPDERIV
              0              0              0              0
              0              0              0              0
              0              0              0              0
              0              0              0              0
              0              0     -268435456     1033278466
              0    -1166122749              0    -1169096250
              0    -1115435287    -2147483648    -1114821077
              0     1035628092              0     1015021568
              0     1020882944    -1933940519     1069687379
              0    -1134952448              0      962854912
              0      959447040              0     1013972992
              0     1016070144              0     1013972992
    -1669519303     1070474032     1923618573    -1079143475
              0     1019314176
ORIENT3
              0     1072693248              0    -1185415168
              0      960495616              0    -1185415168
             -1     1072693247              0              0
              0      960495616              0              0
             -1     1072693247
NORMCORD
      422723600    -1132626699     1212233276     1069080043
     1437589633     1070344116    -1031717421     1013235250
    -1725241047     1064145699      -61296505     1069205069
     1428164973    -1075070091     1212233271     1069080043
    -1787625555    -1081731483     1510348781     1069915001
     1877338059     1019281186      -90623005    -1132126702
     1144039540     1070566091      606309999     1019545091
     1100228278     1016934004      867022062     1018597873
     1877338054     1019281186    -2145568296     1018247932
     1802012042     1072654875    -1885189149     1016852039
     -169504424     1013672800     -541098352    -1079660044
      640386852     1017133121    -1157246883     1015151244
      111783091     1016553800    -1885189156     1016852039
      949107808     1015880257      -18634708    -1127182288
     -885285885     1070097777       15650312    -1083855043
    -1840990881    -1127880602    -1983043341     1070441929
    -1340326572     1068011148     1033057747     1069740500
     -885285892     1070097777    -1742490684     1069104134
     -903506351    -1136438403     2068535670     1063323295
     2088170604    -1076782341     -879872531    -1131502126
      -58000239     1068499202     -418224044    -1077302542
     1177853920    -1076058195     2068535035     1063323295
     -717822010    -1077927954     2109767270    -1139483971
     -595267191     1071287656     1479698416     1071622526
    -1278396638     1012606214    -1887090678    -1080583192
     1083070647    -1079554569     -638721598     1069649480
     -595267197     1071287656      338362126    -1075659138
      869423096    -1190939394     1227211086     1071306101
      531781096     1071714636     -258408368    -1188980367
     -226659998    -1132197423      631960733    -1078905629
     1567548438     1018569777     1227211089    -1076177547
      531781101     1071714636      144968698      953604130
    -1242761754     1071783023    -1910171723    -1076278872
      769712759    -1194081927     1766844208    -1127759625
    -1411002533     1068072547      495209497    -1133598595
    -1242761847    -1075700625    -1910171880    -1076278872
      241989966      955047495     -933736893     1071702281
      904580727    -1076142695     1335613031      905806131
      747907483    -1078918084      405695027    -1128202063
      269687853    -1131374479     -933736799     1071702281
      904580852     1071340953
