        0.0003212303        0.3257637017        0.5526442515        0.3584867161
       -0.0005787379       -0.1531704433       -0.1834147855       -0.1377055900
        0.0005373083        0.0361389827        0.0222947118        0.0322752583
       -0.0004765959       -0.0213150172       -0.0330567778        0.0063195482
       -1.0003797049       -0.0076614875        0.0000006093        0.0023631994
       -0.0021891405        0.8719484578       -0.0002237571       -0.3003085084
        0.0013812564       -0.1196297501       -0.0001852972       -0.1821574737
       -0.0000005999       -0.0000212949       -0.7144956268        0.0008164590
        0.0000011609        0.0000177041        0.1001618066       -0.0000117985
       -0.0025672229        0.1155529591        0.0008585447        0.7887901686
        0.0016974371       -0.0657425754       -0.0001304520       -0.0040396288
        0.0000302623       -0.0009133972       -0.0000023712       -0.0037278269
        0.0000007087       -0.0000088439       -0.0268507216        0.0000235564
       -0.0000183579        0.0000129230       -0.0000205657       -0.0066971364
        0.0003180122        0.3254143105       -0.5523217744        0.3588642781
       -0.0005769844       -0.1529922375        0.1832076520       -0.1377224374
       -0.0005368558       -0.0361486812        0.0223304013       -0.0322810642
       -0.0004749036       -0.0212427302        0.0330243263        0.0063300629
        0.0983431904        0.0512556352        1.6035387066        1.3281613621
        0.7736535149        1.4159346222       -1.5131886005       -1.2239911562
        0.0163945506        0.0198579563       -0.0713895894       -0.2928430496
       -0.0161535155       -0.0162473322        0.1439464075        0.0746044793
        0.0517599908        0.0000348138        0.0001807733       -0.0719207719
       -0.1404966290       -0.0000557474        0.0011069997       -0.5222814976
       -0.9079551069       -0.0007833038       -0.0015632390        0.6579153614
       -0.0005223237        0.4180690986        0.3826142015        0.0002652969
       -0.0003994392        0.4750713196        0.2699297566        0.0011933906
       -0.2862552072       -0.0003641635        0.0007383912       -0.5115659998
       -0.2145758742       -0.0004235229       -0.0008028711        0.2687979404
        0.0035334561        0.0000048380        0.0000498029       -0.0270965164
        0.0000006951        0.0203630353       -0.1107512346       -0.0003346725
        0.0012555292        0.0000099338       -0.0001205550        0.0233302090
        0.0985364658       -0.0513253195       -1.6091055069        1.3216636408
        0.7745727159       -1.4148157302        1.5185810687       -1.2184761095
       -0.0164155156        0.0198244615       -0.0725146170        0.2925593839
       -0.0161116877        0.0161789884       -0.1440622827        0.0734905882
        0.9536207762        0.6166712217        0.6331504013        1.4032424503
       -0.3796246091        0.5112058688       -0.5045752749       -0.3162145917
        0.0635076024        0.2906450994        0.3669331084        0.3532548450
       -0.2609934574       -0.1974026781        0.5188973203       -0.0168265251
       -0.0107479660        0.0000257998       -0.1763102835        0.7343525523
       -0.2681413238        0.0003877394       -0.9318764742        3.1769838484
       -0.5538008929       -0.0003291181        0.8983725653       -4.8588518203
        0.0000113397       -1.0872462057       -0.0000649108        0.0003394544
        0.0005465901        2.2446328877       -0.0003223407       -0.0004458139
        1.0802801163       -0.0002487319        0.1923926592       -0.1475146354
       -1.7738441487       -0.0000837372       -0.8733642980       -0.9022918947
       -0.0009660347        0.0000159341       -0.0147790612       -0.0434642188
        0.0000337789        0.0433925578        0.0001438858        0.0000803452
        0.0094623023        0.0000167901       -0.0533348268       -0.0196120124
        0.9523329919       -0.6180425522        0.6326845803        1.4019184631
       -0.3804779440       -0.5103013885       -0.5043351959       -0.3160620523
       -0.0633680609        0.2910430646       -0.3661751290       -0.3534623257
       -0.2607686007        0.1972194865        0.5194051335       -0.0157381134
        0.6118581998        0.4514558139        0.7949241640        0.3785433204
       -0.2212888305        0.1046876663       -0.2326397056       -0.1697449733
       -0.4684971449        0.7253178065        0.7288207816        0.3068794507
       -0.7020203978       -0.5314389553       -0.5668282561        0.3347630675
       -0.0002965090        0.0021522176       -0.2605644832        0.0754388269
       -0.0013029284        0.0119275835       -1.3656471612        0.2851734145
        0.0016479948        0.0015010637       -0.0183834899       -0.5570011122
        0.0315086584        1.1899676737        0.0113964071       -0.0000792319
        0.8365266632       -0.4300593660       -0.0042957101       -0.0005980583
        0.0002214701        0.0086674843       -0.9898492110        0.0245361129
       -0.0003992986       -0.0021082150        0.2782165560       -0.4783206969
        0.0000172596        0.0005766603       -0.0599961810        0.0821128245
       -0.0304588708       -0.1316196970       -0.0015055908       -0.0015961170
       -0.0000053172       -0.0003962855        0.0332634939        0.5321970543
       -0.6125159545       -0.4666860259        0.7847815112        0.3788913769
        0.2213948278       -0.1004255547       -0.2339674507       -0.1698114925
       -0.4671427708        0.7403329837       -0.7149247228       -0.3062280656
        0.7026013087        0.5412776035       -0.5551408025        0.3346945210
        2.0985104971        1.8013253475
       -0.8596383914       -0.6158694119
        0.6203499494        0.5908453492
       -0.4736038592       -0.5143171406
        0.1668074424       -0.0001236583
        0.4422018651       -0.0006775615
       -2.5329923228       -0.0022266865
       -0.0003134114        0.6529209297
       -0.0011524704        0.8126361094
       -0.5743637957       -0.0014221252
       -0.7165355305       -0.0012433058
        0.3188372773        0.0002653861
       -0.0004442089        1.3272934245
       -0.1680563599        0.0008610157
        2.0991167296       -1.7955225778
       -0.8595901823        0.6133045008
       -0.6217970401        0.5902721656
       -0.4732697553        0.5125399466
        0.0309348134        0.0174325590        0.6868139721        0.7619305516
        0.9205690969       -1.4098163277       -0.0006957494       -0.0045459286
        0.0715441202        1.6668184810        0.0007579336       -0.6357371303
        0.0000087372        0.0000259194       -0.1333829487        0.0001043376
        0.0183355451       -0.0028123513        0.0000315987        0.1609945589
        0.0309191089        0.0179499949       -0.6871666028        0.7615040983
        0.3949590830        0.3659326226
        0.0227095672        0.0000377610
       -0.3203126389       -0.0022171726
       -0.0077223575        1.0605810401
       -1.0432994855       -0.0077504407
        0.3995422232       -0.3603468527
