   12.000000   12.000000   12.000000   15.994915   15.994915    1.007825    1.007825    1.007825    1.007825    1.007825    1.007825    1.007825  
    1    1                      0.093350  
    2    2                      0.034177  
    3    3                      0.178404  
    4    4                      1.452654  
    5    5                      1.402579  
    6    6                      1.087984  
    7    7                      2.836424  
    8    8                      2.971027  
    9    9                      3.257027  
   10   10                      0.826205  
   11   11                      1.779946  
   12   12                      4.517262  
   13   13                      2.912173  
   14   14                      3.064979  
   15   15                      1.306376  
   16   16                      1.354076  
   17   17                      1.693759  
   18   18                      1.306681  
   19   19                      1.342254  
   20   20                      1.453494  
   21   21                      1.382006  
   22   22                      1.412468  
   23   23                      1.429401  
   24   24                      5.342488  
   25   25                      5.355075  
   26   26                      5.202438  
   27   27                      5.238570  
   28   28                      5.272884  
   29   29                      5.283006  
   30   30                      5.314943  
    0  
