1  
         -1.8897259886          1.4550890112          0.0000000000  
          0.0000000000          0.0000000000          0.0000000000  
          1.8897259886          1.4550890112          0.0000000000  
2  
         -1.9041507473          1.4655485058          0.0000000000  
          0.0008742610         -0.0006449055          0.0000000000  
          1.8902755903          1.4548646349          0.0000000000  
3  
         -1.8753027454          1.4446258023          0.0000000000  
         -0.0008742610          0.0006453736          0.0000000000  
          1.8891779024          1.4553096732          0.0000000000  
4  
         -1.8902755903          1.4548646349          0.0000000000  
         -0.0008742610         -0.0006449055          0.0000000000  
          1.9041507473          1.4655485058          0.0000000000  
5  
         -1.8891779024          1.4553096732          0.0000000000  
          0.0008742610          0.0006453736          0.0000000000  
          1.8753027454          1.4446258023          0.0000000000  
6  
         -1.9041816627          1.4382419702          0.0000000000  
          0.0000000000          0.0021230335          0.0000000000  
          1.9041816627          1.4382419702          0.0000000000  
7  
         -1.8750803751          1.4718061531          0.0000000000  
          0.0000000000         -0.0021066638          0.0000000000  
          1.8750803751          1.4718061531          0.0000000000  

