        0.0003212326        0.3257634363        0.5526446906        0.3584856231
       -0.0005787399       -0.1531702783       -0.1834153681       -0.1377050401
        0.0005373097        0.0361390911        0.0222948712        0.0322751785
       -0.0004765942       -0.0213148636       -0.0330567044        0.0063196917
       -1.0003797054       -0.0076615214        0.0000006093        0.0023631707
       -0.0021891444        0.8719485101       -0.0002237555       -0.3003075949
        0.0013812591       -0.1196295573       -0.0001852962       -0.1821569323
       -0.0000005998       -0.0000212977       -0.7144952871        0.0008164402
        0.0000011609        0.0000177059        0.1001623581       -0.0000117976
       -0.0025672177        0.1155525193        0.0008585264        0.7887909125
        0.0016974339       -0.0657422802       -0.0001304501       -0.0040389154
        0.0000302625       -0.0009133966       -0.0000023712       -0.0037278246
        0.0000007087       -0.0000088440       -0.0268506704        0.0000235557
       -0.0000183592        0.0000129522       -0.0000205651       -0.0066971139
        0.0003180144        0.3254140447       -0.5523222177        0.3588631799
       -0.0005769864       -0.1529920724        0.1832082364       -0.1377218863
       -0.0005368572       -0.0361487885        0.0223305596       -0.0322809843
       -0.0004749019       -0.0212425778        0.0330242536        0.0063302055
        0.0983439028        0.0512550084        1.6035384571        1.3281658143
        0.7736535388        1.4159330354       -1.5131864812       -1.2239927920
        0.0163946206        0.0198580182       -0.0713894917       -0.2928427378
       -0.0161534883       -0.0162473627        0.1439473801        0.0746018813
        0.0517600238        0.0000348138        0.0001807772       -0.0719200224
       -0.1404970015       -0.0000557476        0.0011070326       -0.5222791329
       -0.9079558558       -0.0007833043       -0.0015632734        0.6579080083
       -0.0005223178        0.4180688036        0.3826158813        0.0002653420
       -0.0003994353        0.4750719334        0.2699291458        0.0011933995
       -0.2862545430       -0.0003641552        0.0007384256       -0.5115608426
       -0.2145752843       -0.0004235139       -0.0008028737        0.2687908802
        0.0035334480        0.0000048380        0.0000498047       -0.0270964378
        0.0000006953        0.0203630839       -0.1107512693       -0.0003346798
        0.0012554701        0.0000099334       -0.0001205553        0.0233306629
        0.0985371769       -0.0513246927       -1.6091054597        1.3216678619
        0.7745727427       -1.4148141414        1.5185791280       -1.2184775382
       -0.0164155850        0.0198245226       -0.0725145555        0.2925590564
       -0.0161116611        0.0161790197       -0.1440632602        0.0734879766
        0.9536133608        0.6166742944        0.6331414618        1.4032407702
       -0.3796183925        0.5112031926       -0.5045737563       -0.3162139235
        0.0635104945        0.2906471726        0.3669284849        0.3532578752
       -0.2609928692       -0.1974005180        0.5189006662       -0.0168206576
       -0.0107467222        0.0000257980       -0.1763142940        0.7343516226
       -0.2681342533        0.0003877290       -0.9318935215        3.1769797126
       -0.5538084062       -0.0003291109        0.8984022654       -4.8588458102
        0.0000113255       -1.0872443175       -0.0000649086        0.0003394560
        0.0005466169        2.2446338213       -0.0003223305       -0.0004457766
        1.0802837127       -0.0002487541        0.1923946873       -0.1475135093
       -1.7738443250       -0.0000837031       -0.8733595153       -0.9022920096
       -0.0009658442        0.0000159339       -0.0147791779       -0.0434642565
        0.0000337805        0.0433923896        0.0001438816        0.0000803444
        0.0094620512        0.0000167891       -0.0533348849       -0.0196124656
        0.9523255824       -0.6180456008        0.6326756520        1.4019167548
       -0.3804717258       -0.5102987290       -0.5043336746       -0.3160613723
       -0.0633709401        0.2910451271       -0.3661705222       -0.3534653635
       -0.2607680140        0.1972173374        0.5194084576       -0.0157322290
        0.6118649856        0.4514585523        0.7949265994        0.3785642487
       -0.2212914513        0.1046859629       -0.2326408563       -0.1697528104
       -0.4684968779        0.7253153507        0.7288244847        0.3068861810
       -0.7020189091       -0.5314412685       -0.5668246400        0.3347594471
       -0.0002965221        0.0021523021       -0.2605645066        0.0754403331
       -0.0013029878        0.0119280293       -1.3656475439        0.2851768828
        0.0016480760        0.0015010841       -0.0183847794       -0.5570275257
        0.0314999063        1.1899706688        0.0113968458       -0.0000792349
        0.8365381304       -0.4300554813       -0.0042958252       -0.0005980603
        0.0002214744        0.0086677950       -0.9898457319        0.0245290117
       -0.0003992727       -0.0021082879        0.2782136242       -0.4783279038
        0.0000172603        0.0005766807       -0.0599962854        0.0821175382
       -0.0304585859       -0.1316201203       -0.0015056336       -0.0015960743
       -0.0000053160       -0.0003962894        0.0332630754        0.5321943953
       -0.6125227835       -0.4666893223        0.7847835974        0.3789123075
        0.2213974596       -0.1004236770       -0.2339686358       -0.1698193273
       -0.4671425245        0.7403310509       -0.7149279608       -0.3062348229
        0.7025997921        0.5412802348       -0.5551368211        0.3346908954
        2.0985054258        1.8013263052
       -0.8596358965       -0.6158700022
        0.6203495892        0.5908467401
       -0.4736061617       -0.5143137379
        0.1668056769       -0.0001236570
        0.4421947418       -0.0006775591
       -2.5329832516       -0.0022267113
       -0.0003134034        0.6529217365
       -0.0011524573        0.8126388902
       -0.5743633392       -0.0014221165
       -0.7165260038       -0.0012432963
        0.3188360132        0.0002653890
       -0.0004442068        1.3272926204
       -0.1680660603        0.0008609831
        2.0991116891       -1.7955234943
       -0.8595876990        0.6133050750
       -0.6217966795        0.5902735137
       -0.4732720802        0.5125365585
        0.0309347851        0.0174323163        0.6868136410        0.7619311143
        0.9205690215       -1.4098163766       -0.0006957520       -0.0045463432
        0.0715442338        1.6668186775        0.0007579336       -0.6357370444
        0.0000087368        0.0000259196       -0.1333827968        0.0001043352
        0.0183355088       -0.0028123727        0.0000315969        0.1609946528
        0.0309190805        0.0179497545       -0.6871662644        0.7615046681
        0.3949586596        0.3659327925
        0.0227094710        0.0000377430
       -0.3203120558       -0.0022169259
       -0.0077215339        1.0605814428
       -1.0432990538       -0.0077496249
        0.3995412552       -0.3603476340
