ZMAT begin
2 3
1 2
1 3

1 4
1 5
2 6
2 7
3 8
3 9

4 1 5
6 2 7
8 3 9

4 1 2
4 1 3
5 1 2
5 1 3
6 2 1
6 2 3
7 2 1
7 2 3
8 3 1
8 3 2
9 3 1
9 3 2
ZMAT end

cart begin
     C        -1.42667652     0.00000000    -0.82369207
     C        -0.00000000     0.00000000     1.64738415
     C         1.42667652    -0.00000000    -0.82369207
     H        -2.37936667     1.72210724    -1.37372799
     H        -2.37936667    -1.72210724    -1.37372799
     H        -0.00000000     1.72210724     2.74745597
     H        -0.00000000    -1.72210724     2.74745597
     H         2.37936667     1.72210724    -1.37372799
     H         2.37936667    -1.72210724    -1.37372799
cart end

