   12   72
        0.1045763434        0.0000000791       -0.0000001430
        0.0000014360        0.0000010458        0.0000007179
        0.0000038805        0.0000024234        0.0000022029
        0.0000007640        0.0000001443        0.0000070511
        0.0000018077        0.0000035336        0.0000015841
       -0.0000022437        0.0000005988        0.0000001173
       -0.0000007808        0.0000010601        0.0000005211
       -0.0000004353        0.0000034364       -0.0000021398
       -0.0000015995        0.0000075194        0.0000036784
       -0.0000014888       -0.0000049113        0.0000040059
        0.0000000791        0.0372774439       -0.0000000137
       -0.0000004302       -0.0000001906       -0.0000001952
        0.0000018041        0.0000014537        0.0000004968
       -0.0000001723        0.0000003063       -0.0000009937
       -0.0000006523        0.0000007131        0.0000003613
        0.0000000316       -0.0000000018        0.0000000515
       -0.0000005357       -0.0000007402        0.0000007300
        0.0000004267        0.0000002896        0.0000007009
        0.0000021142        0.0000026828        0.0000032128
       -0.0000002238       -0.0000017301        0.0000019747
       -0.0000001430       -0.0000000137        0.1955489615
       -0.0000009589       -0.0000016996       -0.0000002063
       -0.0000006687        0.0000005259       -0.0000054905
       -0.0000000782       -0.0000000699        0.0000022024
        0.0000009899       -0.0000025302       -0.0000012704
        0.0000007091        0.0000014111       -0.0000010630
        0.0000015279        0.0000008060        0.0000007410
        0.0000006970        0.0000015325       -0.0000002494
       -0.0000053752       -0.0000011643       -0.0000044224
        0.0000018365       -0.0000030835       -0.0000027199
        0.0000014360       -0.0000004302       -0.0000009589
        1.4924878223        0.0000025628       -0.0000015471
        0.0000071079        0.0000056510        0.0000062127
        0.0000007907       -0.0000007023        0.0000012006
        0.0000054395        0.0000013027        0.0000019078
        0.0000005413       -0.0000029556       -0.0000025074
        0.0000019265       -0.0000002106        0.0000014365
       -0.0000058109        0.0000015519        0.0000006561
        0.0000191214       -0.0000072950       -0.0000072607
        0.0000064786        0.0000003959        0.0000033721
        0.0000010458       -0.0000001906       -0.0000016996
        0.0000025628        1.4184082305        0.0000009562
        0.0000000651        0.0000035540        0.0000038550
       -0.0000003241       -0.0000005154       -0.0000031089
        0.0000040591       -0.0000017248        0.0000029098
        0.0000001719        0.0000001888       -0.0000011532
        0.0000022835       -0.0000011305       -0.0000010944
        0.0000005692        0.0000009345       -0.0000122164
        0.0000004219        0.0000011833       -0.0000022438
       -0.0000032268       -0.0000023227        0.0000066726
        0.0000007179       -0.0000001952       -0.0000002063
       -0.0000015471        0.0000009562        1.1048149472
        0.0000003145       -0.0000049211       -0.0000031766
       -0.0000004136       -0.0000009021        0.0000061747
        0.0000046606        0.0000023591       -0.0000026754
        0.0000004322       -0.0000014230        0.0000003377
        0.0000003028        0.0000019728       -0.0000006654
       -0.0000005030       -0.0000010913        0.0000071937
       -0.0000024375       -0.0000005677       -0.0000001466
       -0.0000042368       -0.0000012298        0.0000055688
        0.0000038805        0.0000018041       -0.0000006687
        0.0000071079        0.0000000651        0.0000003145
        2.8903219636        0.0000016899       -0.0000027162
        0.0000024227       -0.0000002503       -0.0000001090
        0.0000049758        0.0000031272        0.0000009177
        0.0000003340        0.0000021478        0.0000014521
       -0.0000013442        0.0000008360        0.0000010543
       -0.0000001256       -0.0000006989       -0.0000035326
       -0.0000051719       -0.0000012459        0.0000198107
        0.0000079844       -0.0000038824       -0.0000079573
        0.0000024234        0.0000014537        0.0000005259
        0.0000056510        0.0000035540       -0.0000049211
        0.0000016899        2.9674258744        0.0000045870
       -0.0000000106        0.0000006032        0.0000004553
        0.0000043014        0.0000057398       -0.0000013835
       -0.0000035415       -0.0000000915       -0.0000020048
        0.0000009294        0.0000004111       -0.0000009876
        0.0000028143        0.0000004620       -0.0000047809
        0.0000046625        0.0000041154       -0.0000038968
        0.0000072686        0.0000055968       -0.0000002332
        0.0000022029        0.0000004968       -0.0000054905
        0.0000062127        0.0000038550       -0.0000031766
       -0.0000027162        0.0000045870        3.2989862186
       -0.0000004398        0.0000014512       -0.0000108847
        0.0000012502       -0.0000004286       -0.0000008387
        0.0000025357        0.0000015464        0.0000002455
        0.0000023741        0.0000007159        0.0000002001
        0.0000012182       -0.0000018090       -0.0000011996
       -0.0000013669        0.0000016877        0.0000045501
       -0.0000019224        0.0000075067        0.0000072912
        0.0000007640       -0.0000001723       -0.0000000782
        0.0000007907       -0.0000003241       -0.0000004136
        0.0000024227       -0.0000000106       -0.0000004398
        0.8367699035       -0.0000014650       -0.0000012256
        0.0000006195       -0.0000003470       -0.0000001429
        0.0000004096       -0.0000005394        0.0000002948
       -0.0000006213       -0.0000009696        0.0000001364
       -0.0000011670        0.0000004381       -0.0000021864
        0.0000003099       -0.0000007017        0.0000006780
        0.0000032303        0.0000030955        0.0000034475
        0.0000001443        0.0000003063       -0.0000000699
       -0.0000007023       -0.0000005154       -0.0000009021
       -0.0000002503        0.0000006032        0.0000014512
       -0.0000014650        1.7992415279       -0.0000040356
        0.0000003099        0.0000041357       -0.0000012234
        0.0000005731       -0.0000010911        0.0000002790
       -0.0000009594        0.0000003257        0.0000008409
       -0.0000005219       -0.0000008077        0.0000005260
       -0.0000052510        0.0000008704       -0.0000001272
        0.0000003933       -0.0000025284        0.0000015936
        0.0000070511       -0.0000009937        0.0000022024
        0.0000012006       -0.0000031089        0.0000061747
       -0.0000001090        0.0000004553       -0.0000108847
       -0.0000012256       -0.0000040356        4.3166244023
       -0.0000024958       -0.0000027475       -0.0000011123
        0.0000003593        0.0000019879        0.0000005689
        0.0000002150       -0.0000011946       -0.0000012196
       -0.0000003839        0.0000019752       -0.0000037116
        0.0000000750        0.0000021622       -0.0000023135
        0.0000017667        0.0000045629       -0.0000058209
        0.0000018077       -0.0000006523        0.0000009899
        0.0000054395        0.0000040591        0.0000046606
        0.0000049758        0.0000043014        0.0000012502
        0.0000006195        0.0000003099       -0.0000024958
        2.8738196084        0.0000040042       -0.0000017796
       -0.0000010184        0.0000011416        0.0000000851
        0.0000004338       -0.0000004810       -0.0000022668
       -0.0000007103        0.0000008283        0.0000011011
        0.0000006649        0.0000013106        0.0000001032
        0.0000031747        0.0000026970        0.0000027357
        0.0000035336        0.0000007131       -0.0000025302
        0.0000013027       -0.0000017248        0.0000023591
        0.0000031272        0.0000057398       -0.0000004286
       -0.0000003470        0.0000041357       -0.0000027475
        0.0000040042        3.0808582616        0.0000002408
       -0.0000008285       -0.0000026799       -0.0000001809
        0.0000006511       -0.0000004553       -0.0000018487
       -0.0000013059        0.0000003975       -0.0000005247
        0.0000010094       -0.0000051221       -0.0000056908
        0.0000006301        0.0000034178        0.0000038413
        0.0000015841        0.0000003613       -0.0000012704
        0.0000019078        0.0000029098       -0.0000026754
        0.0000009177       -0.0000013835       -0.0000008387
       -0.0000001429       -0.0000012234       -0.0000011123
       -0.0000017796        0.0000002408        1.3133985242
        0.0000004931       -0.0000009869        0.0000007634
       -0.0000002504        0.0000007170        0.0000006342
        0.0000002763       -0.0000014610        0.0000018036
       -0.0000024093       -0.0000013568       -0.0000020516
        0.0000011462        0.0000020262       -0.0000017232
       -0.0000022437        0.0000000316        0.0000007091
        0.0000005413        0.0000001719        0.0000004322
        0.0000003340       -0.0000035415        0.0000025357
        0.0000004096        0.0000005731        0.0000003593
       -0.0000010184       -0.0000008285        0.0000004931
        1.3703799848       -0.0000001793       -0.0000001975
       -0.0000000057       -0.0000006130       -0.0000007119
        0.0000002911       -0.0000002573       -0.0000010764
       -0.0000002304        0.0000001302        0.0000022760
        0.0000022404       -0.0000005331        0.0000030950
        0.0000005988       -0.0000000018        0.0000014111
       -0.0000029556        0.0000001888       -0.0000014230
        0.0000021478       -0.0000000915        0.0000015464
       -0.0000005394       -0.0000010911        0.0000019879
        0.0000011416       -0.0000026799       -0.0000009869
       -0.0000001793        1.7062254950        0.0000001141
       -0.0000004070        0.0000000606        0.0000000331
       -0.0000007875       -0.0000001891       -0.0000001553
       -0.0000025823       -0.0000032284        0.0000011742
        0.0000009240       -0.0000015554       -0.0000023092
        0.0000001173        0.0000000515       -0.0000010630
       -0.0000025074       -0.0000011532        0.0000003377
        0.0000014521       -0.0000020048        0.0000002455
        0.0000002948        0.0000002790        0.0000005689
        0.0000000851       -0.0000001809        0.0000007634
       -0.0000001975        0.0000001141        1.3295398172
        0.0000002833        0.0000001518       -0.0000007250
        0.0000007991       -0.0000002901        0.0000004992
        0.0000002503        0.0000025757        0.0000021384
        0.0000022068       -0.0000017227       -0.0000031751
       -0.0000007808       -0.0000005357        0.0000015279
        0.0000019265        0.0000022835        0.0000003028
       -0.0000013442        0.0000009294        0.0000023741
       -0.0000006213       -0.0000009594        0.0000002150
        0.0000004338        0.0000006511       -0.0000002504
       -0.0000000057       -0.0000004070        0.0000002833
        1.3641013507       -0.0000001488        0.0000000970
       -0.0000000003        0.0000001686        0.0000020357
       -0.0000013568       -0.0000001225        0.0000018804
        0.0000010760       -0.0000017499       -0.0000034563
        0.0000010601       -0.0000007402        0.0000008060
       -0.0000002106       -0.0000011305        0.0000019728
        0.0000008360        0.0000004111        0.0000007159
       -0.0000009696        0.0000003257       -0.0000011946
       -0.0000004810       -0.0000004553        0.0000007170
       -0.0000006130        0.0000000606        0.0000001518
       -0.0000001488        1.4552410874        0.0000006348
        0.0000005143        0.0000002190       -0.0000002334
        0.0000001945       -0.0000019317        0.0000031253
       -0.0000021034        0.0000000085       -0.0000014457
        0.0000005211        0.0000007300        0.0000007410
        0.0000014365       -0.0000010944       -0.0000006654
        0.0000010543       -0.0000009876        0.0000002001
        0.0000001364        0.0000008409       -0.0000012196
       -0.0000022668       -0.0000018487        0.0000006342
       -0.0000007119        0.0000000331       -0.0000007250
        0.0000000970        0.0000006348        1.3877498327
       -0.0000005313        0.0000001784        0.0000003108
        0.0000017493        0.0000015443        0.0000002350
       -0.0000008670       -0.0000000743        0.0000009988
       -0.0000004353        0.0000004267        0.0000006970
       -0.0000058109        0.0000005692       -0.0000005030
       -0.0000001256        0.0000028143        0.0000012182
       -0.0000011670       -0.0000005219       -0.0000003839
       -0.0000007103       -0.0000013059        0.0000002763
        0.0000002911       -0.0000007875        0.0000007991
       -0.0000000003        0.0000005143       -0.0000005313
        1.4148584167        0.0000001465        0.0000008401
        0.0000002965       -0.0000015787       -0.0000031100
       -0.0000019905       -0.0000012155       -0.0000003313
        0.0000034364        0.0000002896        0.0000015325
        0.0000015519        0.0000009345       -0.0000010913
       -0.0000006989        0.0000004620       -0.0000018090
        0.0000004381       -0.0000008077        0.0000019752
        0.0000008283        0.0000003975       -0.0000014610
       -0.0000002573       -0.0000001891       -0.0000002901
        0.0000001686        0.0000002190        0.0000001784
        0.0000001465        1.4366673093        0.0000025188
       -0.0000021996       -0.0000015385       -0.0000004914
       -0.0000008795       -0.0000005312        0.0000005449
       -0.0000021398        0.0000007009       -0.0000002494
        0.0000006561       -0.0000122164        0.0000071937
       -0.0000035326       -0.0000047809       -0.0000011996
       -0.0000021864        0.0000005260       -0.0000037116
        0.0000011011       -0.0000005247        0.0000018036
       -0.0000010764       -0.0000001553        0.0000004992
        0.0000020357       -0.0000002334        0.0000003108
        0.0000008401        0.0000025188        5.3665562765
        0.0000012694        0.0000024760       -0.0000001232
       -0.0000007487       -0.0000002212        0.0000008491
       -0.0000015995        0.0000021142       -0.0000053752
        0.0000191214        0.0000004219       -0.0000024375
       -0.0000051719        0.0000046625       -0.0000013669
        0.0000003099       -0.0000052510        0.0000000750
        0.0000006649        0.0000010094       -0.0000024093
       -0.0000002304       -0.0000025823        0.0000002503
       -0.0000013568        0.0000001945        0.0000017493
        0.0000002965       -0.0000021996        0.0000012694
        5.3773960136       -0.0000008143       -0.0000038572
        0.0000004247        0.0000005352        0.0000029499
        0.0000075194        0.0000026828       -0.0000011643
       -0.0000072950        0.0000011833       -0.0000005677
       -0.0000012459        0.0000041154        0.0000016877
       -0.0000007017        0.0000008704        0.0000021622
        0.0000013106       -0.0000051221       -0.0000013568
        0.0000001302       -0.0000032284        0.0000025757
       -0.0000001225       -0.0000019317        0.0000015443
       -0.0000015787       -0.0000015385        0.0000024760
       -0.0000008143        5.1880405443       -0.0000017068
       -0.0000014726        0.0000030437       -0.0000013242
        0.0000036784        0.0000032128       -0.0000044224
       -0.0000072607       -0.0000022438       -0.0000001466
        0.0000198107       -0.0000038968        0.0000045501
        0.0000006780       -0.0000001272       -0.0000023135
        0.0000001032       -0.0000056908       -0.0000020516
        0.0000022760        0.0000011742        0.0000021384
        0.0000018804        0.0000031253        0.0000002350
       -0.0000031100       -0.0000004914       -0.0000001232
       -0.0000038572       -0.0000017068        5.2966807460
        0.0000026237       -0.0000001092       -0.0000023123
       -0.0000014888       -0.0000002238        0.0000018365
        0.0000064786       -0.0000032268       -0.0000042368
        0.0000079844        0.0000072686       -0.0000019224
        0.0000032303        0.0000003933        0.0000017667
        0.0000031747        0.0000006301        0.0000011462
        0.0000022404        0.0000009240        0.0000022068
        0.0000010760       -0.0000021034       -0.0000008670
       -0.0000019905       -0.0000008795       -0.0000007487
        0.0000004247       -0.0000014726        0.0000026237
        5.3273582811        0.0000004026        0.0000039278
       -0.0000049113       -0.0000017301       -0.0000030835
        0.0000003959       -0.0000023227       -0.0000012298
       -0.0000038824        0.0000055968        0.0000075067
        0.0000030955       -0.0000025284        0.0000045629
        0.0000026970        0.0000034178        0.0000020262
       -0.0000005331       -0.0000015554       -0.0000017227
       -0.0000017499        0.0000000085       -0.0000000743
       -0.0000012155       -0.0000005312       -0.0000002212
        0.0000005352        0.0000030437       -0.0000001092
        0.0000004026        5.3353860765        0.0000053998
        0.0000040059        0.0000019747       -0.0000027199
        0.0000033721        0.0000066726        0.0000055688
       -0.0000079573       -0.0000002332        0.0000072912
        0.0000034475        0.0000015936       -0.0000058209
        0.0000027357        0.0000038413       -0.0000017232
        0.0000030950       -0.0000023092       -0.0000031751
       -0.0000034563       -0.0000014457        0.0000009988
       -0.0000003313        0.0000005449        0.0000008491
        0.0000029499       -0.0000013242       -0.0000023123
        0.0000039278        0.0000053998        5.3709834096
