    1    1                  0.5952435455
    2    1                 -0.4123636383
    2    2                  0.7361184074
    3    1                 -0.3340341153
    3    2                 -0.0273317078
    3    3                  1.4075458879
    4    1                 -0.2517242822
    4    2                  0.3086130250
    4    3                  0.3388506495
    4    4                  0.7889877866
    5    1                  0.2595493183
    5    2                 -0.2230140586
    5    3                 -0.1339854373
    5    4                 -0.0442770085
    5    5                  0.6853411232
    6    1                  0.3851978832
    6    2                 -0.0842356221
    6    3                 -0.9550927571
    6    4                 -0.5754114695
    6    5                  0.2647824091
    6    6                  1.9741799676
    7    1                  0.1062348861
    7    2                 -0.1211571963
    7    3                 -0.0991440270
    7    4                 -0.5197855754
    7    5                  0.0821880992
    7    6                  0.3132365317
    7    7                  1.1886206029
    8    1                 -0.0339110939
    8    2                 -0.0128893810
    8    3                  0.0937422783
    8    4                  0.0468011726
    8    5                  0.0105916851
    8    6                 -0.3011787743
    8    7                 -0.0146034187
    8    8                  0.3123083582
    9    1                 -0.1254792057
    9    2                  0.0431995462
    9    3                  0.2958786885
    9    4                  0.3210413868
    9    5                 -0.2447569609
    9    6                 -0.9349422639
    9    7                 -0.2547749240
    9    8                  0.3766144520
    9    9                  1.2548542421
   10    1                 -0.0385482171
   10    2                  0.0117332424
   10    3                  0.0210016550
   10    4                  0.0567973999
   10    5                 -0.0682758514
   10    6                 -0.0501330810
   10    7                 -0.0128773096
   10    8                  0.0137821248
   10    9                  0.0090029094
   10   10                  0.0397454380
   11    1                 -0.0171165521
   11    2                  0.0036680910
   11    3                  0.0204745962
   11    4                 -0.2522038568
   11    5                 -0.3962847303
   11    6                  0.0437894758
   11    7                  0.0571761262
   11    8                 -0.0226309609
   11    9                 -0.0337649930
   11   10                  0.0524516242
   11   11                  0.4320788291
   12    1                 -0.0131571788
   12    2                  0.0113769231
   12    3                  0.0045222822
   12    4                  0.0176312493
   12    5                  0.2216536803
   12    6                 -0.1694355606
   12    7                 -0.0143853311
   12    8                  0.0010616408
   12    9                  0.0181731177
   12   10                  0.0240052940
   12   11                 -0.0930158777
   12   12                  0.3508138098
   13    1                 -0.0078283026
   13    2                  0.0068247866
   13    3                  0.0055089107
   13    4                 -0.0839478076
   13    5                 -0.0455301780
   13    6                 -0.0275829371
   13    7                  0.0031733796
   13    8                 -0.0009729985
   13    9                 -0.0011242134
   13   10                 -0.0410666486
   13   11                  0.0560639995
   13   12                  0.0400413566
   13   13                  0.1224599123
   14    1                  0.0000039163
   14    2                  0.0054334224
   14    3                 -0.0073491808
   14    4                  0.0972017788
   14    5                  0.2014131367
   14    6                 -0.0049425333
   14    7                  0.0026127360
   14    8                 -0.0016958475
   14    9                 -0.0002121224
   14   10                 -0.0247088407
   14   11                 -0.2170806897
   14   12                  0.0596388833
   14   13                 -0.0174022486
   14   14                  0.1365649598
   15    1                  0.0049749655
   15    2                 -0.0058815051
   15    3                  0.0076858390
   15    4                 -0.0581857654
   15    5                 -0.1534616818
   15    6                  0.0574794599
   15    7                  0.0005781080
   15    8                  0.0010201710
   15    9                  0.0012569595
   15   10                 -0.0063717411
   15   11                  0.0807091772
   15   12                 -0.2010531431
   15   13                 -0.0115104209
   15   14                 -0.0563063453
   15   15                  0.1409629516
   16    1                 -0.0632326111
   16    2                  0.0231767862
   16    3                 -0.0640237757
   16    4                 -0.0430119484
   16    5                  0.0236221277
   16    6                  0.0724760535
   16    7                  0.0171435923
   16    8                 -0.0079384968
   16    9                 -0.0314663247
   16   10                 -0.0031881663
   16   11                 -0.0041223444
   16   12                 -0.0028734986
   16   13                 -0.0019916684
   16   14                  0.0000916891
   16   15                  0.0007113598
   16   16                  0.0912686490
   17    1                  0.0193155895
   17    2                 -0.1644477804
   17    3                  0.1797958217
   17    4                  0.0440428576
   17    5                 -0.0053422984
   17    6                 -0.1551265335
   17    7                 -0.0506114178
   17    8                  0.0288303862
   17    9                  0.1000274227
   17   10                 -0.0025897063
   17   11                 -0.0020604049
   17   12                 -0.0012563940
   17   13                 -0.0022645343
   17   14                  0.0002288836
   17   15                  0.0001282092
   17   16                 -0.0318247236
   17   17                  0.1518947583
   18    1                 -0.0125058835
   18    2                  0.1255566696
   18    3                 -0.3326080913
   18    4                 -0.1030051567
   18    5                  0.0325889871
   18    6                  0.2474186134
   18    7                  0.0723867003
   18    8                 -0.0400565153
   18    9                 -0.1412383466
   18   10                 -0.0014854305
   18   11                 -0.0009898551
   18   12                  0.0001417583
   18   13                 -0.0010261402
   18   14                 -0.0001472086
   18   15                  0.0004036017
   18   16                  0.0281871863
   18   17                 -0.1100508243
   18   18                  0.2327266892
   19    1                 -0.1178304077
   19    2                  0.0335109675
   19    3                  0.0849861686
   19    4                 -0.0313535148
   19    5                 -0.0137165519
   19    6                  0.0956443174
   19    7                  0.0340724757
   19    8                 -0.0233965218
   19    9                 -0.0771939582
   19   10                  0.0018442512
   19   11                  0.0004115186
   19   12                 -0.0000290147
   19   13                  0.0002490377
   19   14                  0.0002068122
   19   15                 -0.0001177236
   19   16                 -0.0029909011
   19   17                  0.0242715096
   19   18                 -0.0097106954
   19   19                  0.1164411977
   20    1                  0.0180256875
   20    2                 -0.0542226150
   20    3                 -0.0551646380
   20    4                  0.0290881499
   20    5                 -0.0326318801
   20    6                 -0.0327544469
   20    7                 -0.0243258178
   20    8                  0.0102568157
   20    9                  0.0373708858
   20   10                  0.0013269545
   20   11                  0.0012061421
   20   12                 -0.0000483777
   20   13                 -0.0001748678
   20   14                  0.0002047801
   20   15                 -0.0001875603
   20   16                 -0.0000518297
   20   17                 -0.0083782694
   20   18                  0.0034690176
   20   19                 -0.0239265518
   20   20                  0.0819015746
   21    1                  0.0872644263
   21    2                 -0.0456782555
   21    3                 -0.2581718434
   21    4                  0.0898195078
   21    5                 -0.0621595901
   21    6                 -0.1604490744
   21    7                 -0.0810720011
   21    8                  0.0436667274
   21    9                  0.1556352649
   21   10                  0.0001861281
   21   11                  0.0003791096
   21   12                  0.0001689201
   21   13                  0.0001353334
   21   14                 -0.0001317946
   21   15                 -0.0002196257
   21   16                  0.0014015383
   21   17                 -0.0142509625
   21   18                  0.0041386215
   21   19                 -0.0932426603
   21   20                  0.0489418852
   21   21                  0.2653646215
   22    1                 -0.2191982561
   22    2                  0.1488435646
   22    3                  0.0716157990
   22    4                  0.0981515226
   22    5                 -0.0695231579
   22    6                 -0.2000832784
   22    7                 -0.0525443313
   22    8                  0.0312979433
   22    9                  0.1040878667
   22   10                  0.0021837197
   22   11                  0.0002241401
   22   12                 -0.0002423799
   22   13                 -0.0001383117
   22   14                  0.0002066401
   22   15                  0.0006462335
   22   16                  0.0048801729
   22   17                 -0.0008456297
   22   18                  0.0267552373
   22   19                 -0.0015872131
   22   20                 -0.0004540962
   22   21                 -0.0048684845
   22   22                  0.1718768861
   23    1                  0.1670586813
   23    2                 -0.2885389784
   23    3                 -0.0545302582
   23    4                 -0.1286555596
   23    5                  0.0982028586
   23    6                  0.1561462810
   23    7                  0.0695138585
   23    8                 -0.0370483850
   23    9                 -0.1359682187
   23   10                  0.0008995761
   23   11                  0.0005322017
   23   12                  0.0006707625
   23   13                  0.0000260188
   23   14                 -0.0001613109
   23   15                  0.0001534907
   23   16                 -0.0025355237
   23   17                 -0.0008865522
   23   18                 -0.0111120084
   23   19                  0.0034993531
   23   20                  0.0017193989
   23   21                  0.0299012526
   23   22                 -0.1062198230
   23   23                  0.2280106290
   24    1                  0.0088805904
   24    2                 -0.0190275361
   24    3                 -0.1662027788
   24    4                 -0.0137336586
   24    5                  0.0102682491
   24    6                  0.0139745660
   24    7                  0.0076273890
   24    8                 -0.0033475224
   24    9                 -0.0130954819
   24   10                  0.0004489396
   24   11                  0.0000783664
   24   12                  0.0006764210
   24   13                  0.0000039232
   24   14                  0.0000719411
   24   15                  0.0002278559
   24   16                 -0.0033071601
   24   17                  0.0008157247
   24   18                 -0.0113789485
   24   19                 -0.0005636099
   24   20                 -0.0016356202
   24   21                 -0.0078418894
   24   22                  0.0019621847
   24   23                  0.0144521100
   24   24                  0.1818469994
   25    1                 -0.0033884159
   25    2                  0.0005443220
   25    3                 -0.0259132476
   25    4                 -0.1205152014
   25    5                 -0.1346687792
   25    6                 -0.0092528992
   25    7                  0.0012747849
   25    8                 -0.0011919817
   25    9                 -0.0026426250
   25   10                 -0.0053445934
   25   11                  0.1084848652
   25   12                 -0.0501210885
   25   13                  0.0100467085
   25   14                 -0.0614296465
   25   15                  0.0687771234
   25   16                  0.0006353960
   25   17                  0.0006823415
   25   18                  0.0004136143
   25   19                  0.0009666828
   25   20                  0.0001815105
   25   21                  0.0007269583
   25   22                 -0.0039571756
   25   23                 -0.0035000244
   25   24                 -0.0012916987
   25   25                  0.1189936912
   26    1                 -0.0042976536
   26    2                  0.0004256726
   26    3                 -0.0183625594
   26    4                 -0.1089274157
   26    5                 -0.3230358406
   26    6                  0.0698458218
   26    7                  0.0061089950
   26    8                 -0.0018331264
   26    9                  0.0318945377
   26   10                  0.0145917582
   26   11                  0.2037361213
   26   12                 -0.2012666356
   26   13                  0.0045715069
   26   14                 -0.1262859590
   26   15                  0.1344094262
   26   16                  0.0002953791
   26   17                  0.0004380762
   26   18                  0.0005506610
   26   19                  0.0007486150
   26   20                  0.0005617406
   26   21                 -0.0002551275
   26   22                 -0.0032561876
   26   23                 -0.0015866967
   26   24                 -0.0011168082
   26   25                  0.0899204630
   26   26                  0.2515007909
   27    1                 -0.0003568910
   27    2                  0.0013694855
   27    3                 -0.0039633363
   27    4                 -0.0148490152
   27    5                  0.0251115441
   27    6                 -0.1637039272
   27    7                 -0.0026927180
   27    8                 -0.0003600979
   27    9                 -0.0083168033
   27   10                  0.0047981213
   27   11                 -0.0194249139
   27   12                 -0.0068235572
   27   13                 -0.0040341601
   27   14                  0.0090152335
   27   15                 -0.0060943252
   27   16                 -0.0006084285
   27   17                 -0.0000890076
   27   18                  0.0001633100
   27   19                  0.0000851318
   27   20                 -0.0003901144
   27   21                  0.0003637555
   27   22                 -0.0007103227
   27   23                 -0.0005329761
   27   24                  0.0010218276
   27   25                  0.0188413553
   27   26                 -0.0168511528
   27   27                  0.1862011840
   28    1                  0.0548443737
   28    2                 -0.0308047202
   28    3                 -0.1075116372
   28    4                 -0.0524883730
   28    5                  0.0524813749
   28    6                  0.1815583360
   28    7                 -0.2355127522
   28    8                 -0.0297689189
   28    9                 -0.1418250827
   28   10                 -0.0003410358
   28   11                  0.0004626654
   28   12                 -0.0009390929
   28   13                  0.0006340110
   28   14                  0.0008541743
   28   15                  0.0004127311
   28   16                  0.0003131815
   28   17                 -0.0003125034
   28   18                 -0.0000039362
   28   19                  0.0001184459
   28   20                  0.0000852840
   28   21                 -0.0001436829
   28   22                  0.0000411858
   28   23                 -0.0000141050
   28   24                 -0.0000644952
   28   25                  0.0000987678
   28   26                  0.0001465897
   28   27                 -0.0003799540
   28   28                  0.2446337548
   29    1                  0.0262566669
   29    2                 -0.0130672248
   29    3                 -0.0516180210
   29    4                  0.0093549018
   29    5                  0.0149814156
   29    6                  0.0609702676
   29    7                 -0.0196200784
   29    8                 -0.1223388067
   29    9                 -0.1027088147
   29   10                  0.0031021297
   29   11                 -0.0075517402
   29   12                  0.0014679368
   29   13                 -0.0015125868
   29   14                  0.0003049445
   29   15                 -0.0002002340
   29   16                 -0.0007308047
   29   17                 -0.0005691171
   29   18                  0.0001194624
   29   19                 -0.0000669710
   29   20                  0.0003529305
   29   21                  0.0002900614
   29   22                 -0.0000203597
   29   23                 -0.0000950039
   29   24                  0.0000343132
   29   25                 -0.0001791286
   29   26                  0.0011497614
   29   27                  0.0004948157
   29   28                 -0.0027318915
   29   29                  0.1192007393
   30    1                  0.0645467086
   30    2                 -0.0361174149
   30    3                 -0.1260422475
   30    4                 -0.0754926155
   30    5                  0.0699903745
   30    6                  0.2209447252
   30    7                 -0.0661228329
   30    8                 -0.1071199559
   30    9                 -0.3165041239
   30   10                 -0.0013983933
   30   11                  0.0031671514
   30   12                  0.0012120734
   30   13                  0.0001551252
   30   14                  0.0000953649
   30   15                 -0.0000094991
   30   16                 -0.0001074161
   30   17                 -0.0000082746
   30   18                  0.0003034270
   30   19                 -0.0001928046
   30   20                 -0.0000113283
   30   21                 -0.0000226898
   30   22                  0.0001204710
   30   23                 -0.0000145299
   30   24                  0.0000300516
   30   25                 -0.0001094017
   30   26                 -0.0007929924
   30   27                  0.0002211397
   30   28                  0.0599772122
   30   29                  0.0810758822
   30   30                  0.2293444529
   31    1                 -0.0876793711
   31    2                  0.0485751816
   31    3                  0.1721483867
   31    4                  0.1871882273
   31    5                 -0.0656998604
   31    6                 -0.2558605745
   31    7                 -0.4103043949
   31    8                  0.0084987333
   31    9                  0.1296464291
   31   10                  0.0011138383
   31   11                 -0.0008653949
   31   12                 -0.0000808024
   31   13                 -0.0009298807
   31   14                  0.0001934552
   31   15                 -0.0000917296
   31   16                 -0.0000314481
   31   17                  0.0000054534
   31   18                  0.0001157275
   31   19                 -0.0000946194
   31   20                  0.0000663951
   31   21                 -0.0000716447
   31   22                  0.0003212132
   31   23                 -0.0001797864
   31   24                  0.0000089101
   31   25                  0.0008709425
   31   26                  0.0005355152
   31   27                 -0.0003289507
   31   28                  0.0050201302
   31   29                 -0.0015654205
   31   30                  0.0243744663
   31   31                  0.3071266215
   32    1                 -0.0018539296
   32    2                  0.0036062013
   32    3                  0.0062300896
   32    4                  0.0143394205
   32    5                  0.0020606088
   32    6                  0.0437775236
   32    7                 -0.0153962909
   32    8                 -0.0783671822
   32    9                 -0.0195842583
   32   10                 -0.0014839349
   32   11                  0.0023390084
   32   12                 -0.0005620682
   32   13                  0.0001604096
   32   14                  0.0003211564
   32   15                 -0.0002996485
   32   16                 -0.0000893173
   32   17                 -0.0000037630
   32   18                 -0.0000725803
   32   19                  0.0001248178
   32   20                  0.0002403426
   32   21                 -0.0003256439
   32   22                 -0.0004515681
   32   23                 -0.0003150455
   32   24                 -0.0006672089
   32   25                  0.0006844645
   32   26                 -0.0062017253
   32   27                  0.0018304488
   32   28                 -0.0037823530
   32   29                 -0.0002004542
   32   30                 -0.0140907932
   32   31                  0.0087326485
   32   32                  0.0765312690
   33    1                  0.0148584111
   33    2                 -0.0092899109
   33    3                 -0.0286608040
   33    4                 -0.0339533653
   33    5                  0.0098105379
   33    6                  0.0316024404
   33    7                  0.0653969107
   33    8                 -0.0047619271
   33    9                 -0.0497851451
   33   10                  0.0000611602
   33   11                 -0.0002405412
   33   12                  0.0014824346
   33   13                 -0.0003668450
   33   14                  0.0001616290
   33   15                 -0.0000550220
   33   16                 -0.0000407403
   33   17                  0.0000787502
   33   18                 -0.0000340648
   33   19                  0.0000143428
   33   20                 -0.0001019435
   33   21                  0.0004127243
   33   22                  0.0005165248
   33   23                  0.0005195438
   33   24                  0.0004128611
   33   25                 -0.0000612029
   33   26                  0.0023802608
   33   27                  0.0006451829
   33   28                 -0.0038623068
   33   29                  0.0011424857
   33   30                 -0.0120524745
   33   31                 -0.0433746033
   33   32                 -0.0004286453
   33   33                  0.0605113688
   34    1                  0.0331070585
   34    2                 -0.0174963210
   34    3                 -0.0634847668
   34    4                 -0.0282982334
   34    5                  0.0238504672
   34    6                  0.0702111179
   34    7                 -0.1194953581
   34    8                  0.0114034564
   34    9                  0.0707277417
   34   10                 -0.0003186763
   34   11                 -0.0009667910
   34   12                  0.0001504871
   34   13                 -0.0006604293
   34   14                  0.0021695340
   34   15                  0.0001768592
   34   16                  0.0002057517
   34   17                  0.0001307634
   34   18                 -0.0001212232
   34   19                  0.0001645652
   34   20                  0.0001591818
   34   21                 -0.0001354187
   34   22                 -0.0000294124
   34   23                  0.0001073344
   34   24                  0.0000286855
   34   25                  0.0003184126
   34   26                 -0.0004375651
   34   27                  0.0002358319
   34   28                 -0.0173616896
   34   29                 -0.0122864572
   34   30                 -0.0057505193
   34   31                 -0.0026012588
   34   32                 -0.0009843670
   34   33                  0.0008117139
   34   34                  0.1349692698
   35    1                 -0.0206669922
   35    2                  0.0069282436
   35    3                  0.0480990165
   35    4                 -0.0153774657
   35    5                 -0.0322820200
   35    6                 -0.0610738688
   35    7                  0.0281144052
   35    8                 -0.0851835553
   35    9                 -0.0521114764
   35   10                 -0.0008290766
   35   11                  0.0020481325
   35   12                  0.0002795265
   35   13                  0.0002106927
   35   14                  0.0007525236
   35   15                 -0.0000834993
   35   16                  0.0001070582
   35   17                  0.0002960810
   35   18                  0.0001441943
   35   19                 -0.0016669974
   35   20                 -0.0012109606
   35   21                 -0.0003776620
   35   22                  0.0001985342
   35   23                  0.0001668844
   35   24                  0.0000739913
   35   25                  0.0004715938
   35   26                  0.0011311850
   35   27                 -0.0001732648
   35   28                  0.0133844038
   35   29                  0.0078325556
   35   30                  0.0038265162
   35   31                  0.0017030800
   35   32                 -0.0000104164
   35   33                  0.0007297606
   35   34                 -0.0056492360
   35   35                  0.0995313465
   36    1                 -0.0801897109
   36    2                  0.0460593278
   36    3                  0.1551091608
   36    4                  0.1072882527
   36    5                 -0.0398421118
   36    6                 -0.1619761892
   36    7                  0.0589661943
   36    8                 -0.0592804766
   36    9                 -0.2619161080
   36   10                 -0.0001155617
   36   11                 -0.0011616957
   36   12                  0.0001214436
   36   13                 -0.0001999323
   36   14                  0.0001061332
   36   15                 -0.0005850525
   36   16                 -0.0003487940
   36   17                 -0.0000639320
   36   18                 -0.0000365699
   36   19                  0.0003205062
   36   20                  0.0005122409
   36   21                  0.0006212149
   36   22                  0.0002001484
   36   23                  0.0003145506
   36   24                  0.0003285160
   36   25                  0.0006331124
   36   26                 -0.0004354316
   36   27                  0.0002855497
   36   28                  0.0127819085
   36   29                  0.0089318448
   36   30                  0.0025751652
   36   31                 -0.0264856144
   36   32                 -0.0158072154
   36   33                 -0.0044795017
   36   34                 -0.0728505091
   36   35                  0.0606667658
   36   36                  0.2699523712
    0
