   12   72
        0.5952435455       -0.4123636383       -0.3340341153
       -0.2517242822        0.2595493183        0.3851978832
        0.1062348861       -0.0339110939       -0.1254792057
       -0.0385482171       -0.0171165521       -0.0131571788
       -0.0078283026        0.0000039163        0.0049749655
       -0.0632326111        0.0193155895       -0.0125058835
       -0.1178304077        0.0180256875        0.0872644263
       -0.2191982561        0.1670586813        0.0088805904
       -0.0033884159       -0.0042976536       -0.0003568910
        0.0548443737        0.0262566669        0.0645467086
       -0.0876793711       -0.0018539296        0.0148584111
        0.0331070585       -0.0206669922       -0.0801897109
       -0.4123636383        0.7361184074       -0.0273317078
        0.3086130250       -0.2230140586       -0.0842356221
       -0.1211571963       -0.0128893810        0.0431995462
        0.0117332424        0.0036680910        0.0113769231
        0.0068247866        0.0054334224       -0.0058815051
        0.0231767862       -0.1644477804        0.1255566696
        0.0335109675       -0.0542226150       -0.0456782555
        0.1488435646       -0.2885389784       -0.0190275361
        0.0005443220        0.0004256726        0.0013694855
       -0.0308047202       -0.0130672248       -0.0361174149
        0.0485751816        0.0036062013       -0.0092899109
       -0.0174963210        0.0069282436        0.0460593278
       -0.3340341153       -0.0273317078        1.4075458879
        0.3388506495       -0.1339854373       -0.9550927571
       -0.0991440270        0.0937422783        0.2958786885
        0.0210016550        0.0204745962        0.0045222822
        0.0055089107       -0.0073491808        0.0076858390
       -0.0640237757        0.1797958217       -0.3326080913
        0.0849861686       -0.0551646380       -0.2581718434
        0.0716157990       -0.0545302582       -0.1662027788
       -0.0259132476       -0.0183625594       -0.0039633363
       -0.1075116372       -0.0516180210       -0.1260422475
        0.1721483867        0.0062300896       -0.0286608040
       -0.0634847668        0.0480990165        0.1551091608
       -0.2517242822        0.3086130250        0.3388506495
        0.7889877866       -0.0442770085       -0.5754114695
       -0.5197855754        0.0468011726        0.3210413868
        0.0567973999       -0.2522038568        0.0176312493
       -0.0839478076        0.0972017788       -0.0581857654
       -0.0430119484        0.0440428576       -0.1030051567
       -0.0313535148        0.0290881499        0.0898195078
        0.0981515226       -0.1286555596       -0.0137336586
       -0.1205152014       -0.1089274157       -0.0148490152
       -0.0524883730        0.0093549018       -0.0754926155
        0.1871882273        0.0143394205       -0.0339533653
       -0.0282982334       -0.0153774657        0.1072882527
        0.2595493183       -0.2230140586       -0.1339854373
       -0.0442770085        0.6853411232        0.2647824091
        0.0821880992        0.0105916851       -0.2447569609
       -0.0682758514       -0.3962847303        0.2216536803
       -0.0455301780        0.2014131367       -0.1534616818
        0.0236221277       -0.0053422984        0.0325889871
       -0.0137165519       -0.0326318801       -0.0621595901
       -0.0695231579        0.0982028586        0.0102682491
       -0.1346687792       -0.3230358406        0.0251115441
        0.0524813749        0.0149814156        0.0699903745
       -0.0656998604        0.0020606088        0.0098105379
        0.0238504672       -0.0322820200       -0.0398421118
        0.3851978832       -0.0842356221       -0.9550927571
       -0.5754114695        0.2647824091        1.9741799676
        0.3132365317       -0.3011787743       -0.9349422639
       -0.0501330810        0.0437894758       -0.1694355606
       -0.0275829371       -0.0049425333        0.0574794599
        0.0724760535       -0.1551265335        0.2474186134
        0.0956443174       -0.0327544469       -0.1604490744
       -0.2000832784        0.1561462810        0.0139745660
       -0.0092528992        0.0698458218       -0.1637039272
        0.1815583360        0.0609702676        0.2209447252
       -0.2558605745        0.0437775236        0.0316024404
        0.0702111179       -0.0610738688       -0.1619761892
        0.1062348861       -0.1211571963       -0.0991440270
       -0.5197855754        0.0821880992        0.3132365317
        1.1886206029       -0.0146034187       -0.2547749240
       -0.0128773096        0.0571761262       -0.0143853311
        0.0031733796        0.0026127360        0.0005781080
        0.0171435923       -0.0506114178        0.0723867003
        0.0340724757       -0.0243258178       -0.0810720011
       -0.0525443313        0.0695138585        0.0076273890
        0.0012747849        0.0061089950       -0.0026927180
       -0.2355127522       -0.0196200784       -0.0661228329
       -0.4103043949       -0.0153962909        0.0653969107
       -0.1194953581        0.0281144052        0.0589661943
       -0.0339110939       -0.0128893810        0.0937422783
        0.0468011726        0.0105916851       -0.3011787743
       -0.0146034187        0.3123083582        0.3766144520
        0.0137821248       -0.0226309609        0.0010616408
       -0.0009729985       -0.0016958475        0.0010201710
       -0.0079384968        0.0288303862       -0.0400565153
       -0.0233965218        0.0102568157        0.0436667274
        0.0312979433       -0.0370483850       -0.0033475224
       -0.0011919817       -0.0018331264       -0.0003600979
       -0.0297689189       -0.1223388067       -0.1071199559
        0.0084987333       -0.0783671822       -0.0047619271
        0.0114034564       -0.0851835553       -0.0592804766
       -0.1254792057        0.0431995462        0.2958786885
        0.3210413868       -0.2447569609       -0.9349422639
       -0.2547749240        0.3766144520        1.2548542421
        0.0090029094       -0.0337649930        0.0181731177
       -0.0011242134       -0.0002121224        0.0012569595
       -0.0314663247        0.1000274227       -0.1412383466
       -0.0771939582        0.0373708858        0.1556352649
        0.1040878667       -0.1359682187       -0.0130954819
       -0.0026426250        0.0318945377       -0.0083168033
       -0.1418250827       -0.1027088147       -0.3165041239
        0.1296464291       -0.0195842583       -0.0497851451
        0.0707277417       -0.0521114764       -0.2619161080
       -0.0385482171        0.0117332424        0.0210016550
        0.0567973999       -0.0682758514       -0.0501330810
       -0.0128773096        0.0137821248        0.0090029094
        0.0397454380        0.0524516242        0.0240052940
       -0.0410666486       -0.0247088407       -0.0063717411
       -0.0031881663       -0.0025897063       -0.0014854305
        0.0018442512        0.0013269545        0.0001861281
        0.0021837197        0.0008995761        0.0004489396
       -0.0053445934        0.0145917582        0.0047981213
       -0.0003410358        0.0031021297       -0.0013983933
        0.0011138383       -0.0014839349        0.0000611602
       -0.0003186763       -0.0008290766       -0.0001155617
       -0.0171165521        0.0036680910        0.0204745962
       -0.2522038568       -0.3962847303        0.0437894758
        0.0571761262       -0.0226309609       -0.0337649930
        0.0524516242        0.4320788291       -0.0930158777
        0.0560639995       -0.2170806897        0.0807091772
       -0.0041223444       -0.0020604049       -0.0009898551
        0.0004115186        0.0012061421        0.0003791096
        0.0002241401        0.0005322017        0.0000783664
        0.1084848652        0.2037361213       -0.0194249139
        0.0004626654       -0.0075517402        0.0031671514
       -0.0008653949        0.0023390084       -0.0002405412
       -0.0009667910        0.0020481325       -0.0011616957
       -0.0131571788        0.0113769231        0.0045222822
        0.0176312493        0.2216536803       -0.1694355606
       -0.0143853311        0.0010616408        0.0181731177
        0.0240052940       -0.0930158777        0.3508138098
        0.0400413566        0.0596388833       -0.2010531431
       -0.0028734986       -0.0012563940        0.0001417583
       -0.0000290147       -0.0000483777        0.0001689201
       -0.0002423799        0.0006707625        0.0006764210
       -0.0501210885       -0.2012666356       -0.0068235572
       -0.0009390929        0.0014679368        0.0012120734
       -0.0000808024       -0.0005620682        0.0014824346
        0.0001504871        0.0002795265        0.0001214436
       -0.0078283026        0.0068247866        0.0055089107
       -0.0839478076       -0.0455301780       -0.0275829371
        0.0031733796       -0.0009729985       -0.0011242134
       -0.0410666486        0.0560639995        0.0400413566
        0.1224599123       -0.0174022486       -0.0115104209
       -0.0019916684       -0.0022645343       -0.0010261402
        0.0002490377       -0.0001748678        0.0001353334
       -0.0001383117        0.0000260188        0.0000039232
        0.0100467085        0.0045715069       -0.0040341601
        0.0006340110       -0.0015125868        0.0001551252
       -0.0009298807        0.0001604096       -0.0003668450
       -0.0006604293        0.0002106927       -0.0001999323
        0.0000039163        0.0054334224       -0.0073491808
        0.0972017788        0.2014131367       -0.0049425333
        0.0026127360       -0.0016958475       -0.0002121224
       -0.0247088407       -0.2170806897        0.0596388833
       -0.0174022486        0.1365649598       -0.0563063453
        0.0000916891        0.0002288836       -0.0001472086
        0.0002068122        0.0002047801       -0.0001317946
        0.0002066401       -0.0001613109        0.0000719411
       -0.0614296465       -0.1262859590        0.0090152335
        0.0008541743        0.0003049445        0.0000953649
        0.0001934552        0.0003211564        0.0001616290
        0.0021695340        0.0007525236        0.0001061332
        0.0049749655       -0.0058815051        0.0076858390
       -0.0581857654       -0.1534616818        0.0574794599
        0.0005781080        0.0010201710        0.0012569595
       -0.0063717411        0.0807091772       -0.2010531431
       -0.0115104209       -0.0563063453        0.1409629516
        0.0007113598        0.0001282092        0.0004036017
       -0.0001177236       -0.0001875603       -0.0002196257
        0.0006462335        0.0001534907        0.0002278559
        0.0687771234        0.1344094262       -0.0060943252
        0.0004127311       -0.0002002340       -0.0000094991
       -0.0000917296       -0.0002996485       -0.0000550220
        0.0001768592       -0.0000834993       -0.0005850525
       -0.0632326111        0.0231767862       -0.0640237757
       -0.0430119484        0.0236221277        0.0724760535
        0.0171435923       -0.0079384968       -0.0314663247
       -0.0031881663       -0.0041223444       -0.0028734986
       -0.0019916684        0.0000916891        0.0007113598
        0.0912686490       -0.0318247236        0.0281871863
       -0.0029909011       -0.0000518297        0.0014015383
        0.0048801729       -0.0025355237       -0.0033071601
        0.0006353960        0.0002953791       -0.0006084285
        0.0003131815       -0.0007308047       -0.0001074161
       -0.0000314481       -0.0000893173       -0.0000407403
        0.0002057517        0.0001070582       -0.0003487940
        0.0193155895       -0.1644477804        0.1797958217
        0.0440428576       -0.0053422984       -0.1551265335
       -0.0506114178        0.0288303862        0.1000274227
       -0.0025897063       -0.0020604049       -0.0012563940
       -0.0022645343        0.0002288836        0.0001282092
       -0.0318247236        0.1518947583       -0.1100508243
        0.0242715096       -0.0083782694       -0.0142509625
       -0.0008456297       -0.0008865522        0.0008157247
        0.0006823415        0.0004380762       -0.0000890076
       -0.0003125034       -0.0005691171       -0.0000082746
        0.0000054534       -0.0000037630        0.0000787502
        0.0001307634        0.0002960810       -0.0000639320
       -0.0125058835        0.1255566696       -0.3326080913
       -0.1030051567        0.0325889871        0.2474186134
        0.0723867003       -0.0400565153       -0.1412383466
       -0.0014854305       -0.0009898551        0.0001417583
       -0.0010261402       -0.0001472086        0.0004036017
        0.0281871863       -0.1100508243        0.2327266892
       -0.0097106954        0.0034690176        0.0041386215
        0.0267552373       -0.0111120084       -0.0113789485
        0.0004136143        0.0005506610        0.0001633100
       -0.0000039362        0.0001194624        0.0003034270
        0.0001157275       -0.0000725803       -0.0000340648
       -0.0001212232        0.0001441943       -0.0000365699
       -0.1178304077        0.0335109675        0.0849861686
       -0.0313535148       -0.0137165519        0.0956443174
        0.0340724757       -0.0233965218       -0.0771939582
        0.0018442512        0.0004115186       -0.0000290147
        0.0002490377        0.0002068122       -0.0001177236
       -0.0029909011        0.0242715096       -0.0097106954
        0.1164411977       -0.0239265518       -0.0932426603
       -0.0015872131        0.0034993531       -0.0005636099
        0.0009666828        0.0007486150        0.0000851318
        0.0001184459       -0.0000669710       -0.0001928046
       -0.0000946194        0.0001248178        0.0000143428
        0.0001645652       -0.0016669974        0.0003205062
        0.0180256875       -0.0542226150       -0.0551646380
        0.0290881499       -0.0326318801       -0.0327544469
       -0.0243258178        0.0102568157        0.0373708858
        0.0013269545        0.0012061421       -0.0000483777
       -0.0001748678        0.0002047801       -0.0001875603
       -0.0000518297       -0.0083782694        0.0034690176
       -0.0239265518        0.0819015746        0.0489418852
       -0.0004540962        0.0017193989       -0.0016356202
        0.0001815105        0.0005617406       -0.0003901144
        0.0000852840        0.0003529305       -0.0000113283
        0.0000663951        0.0002403426       -0.0001019435
        0.0001591818       -0.0012109606        0.0005122409
        0.0872644263       -0.0456782555       -0.2581718434
        0.0898195078       -0.0621595901       -0.1604490744
       -0.0810720011        0.0436667274        0.1556352649
        0.0001861281        0.0003791096        0.0001689201
        0.0001353334       -0.0001317946       -0.0002196257
        0.0014015383       -0.0142509625        0.0041386215
       -0.0932426603        0.0489418852        0.2653646215
       -0.0048684845        0.0299012526       -0.0078418894
        0.0007269583       -0.0002551275        0.0003637555
       -0.0001436829        0.0002900614       -0.0000226898
       -0.0000716447       -0.0003256439        0.0004127243
       -0.0001354187       -0.0003776620        0.0006212149
       -0.2191982561        0.1488435646        0.0716157990
        0.0981515226       -0.0695231579       -0.2000832784
       -0.0525443313        0.0312979433        0.1040878667
        0.0021837197        0.0002241401       -0.0002423799
       -0.0001383117        0.0002066401        0.0006462335
        0.0048801729       -0.0008456297        0.0267552373
       -0.0015872131       -0.0004540962       -0.0048684845
        0.1718768861       -0.1062198230        0.0019621847
       -0.0039571756       -0.0032561876       -0.0007103227
        0.0000411858       -0.0000203597        0.0001204710
        0.0003212132       -0.0004515681        0.0005165248
       -0.0000294124        0.0001985342        0.0002001484
        0.1670586813       -0.2885389784       -0.0545302582
       -0.1286555596        0.0982028586        0.1561462810
        0.0695138585       -0.0370483850       -0.1359682187
        0.0008995761        0.0005322017        0.0006707625
        0.0000260188       -0.0001613109        0.0001534907
       -0.0025355237       -0.0008865522       -0.0111120084
        0.0034993531        0.0017193989        0.0299012526
       -0.1062198230        0.2280106290        0.0144521100
       -0.0035000244       -0.0015866967       -0.0005329761
       -0.0000141050       -0.0000950039       -0.0000145299
       -0.0001797864       -0.0003150455        0.0005195438
        0.0001073344        0.0001668844        0.0003145506
        0.0088805904       -0.0190275361       -0.1662027788
       -0.0137336586        0.0102682491        0.0139745660
        0.0076273890       -0.0033475224       -0.0130954819
        0.0004489396        0.0000783664        0.0006764210
        0.0000039232        0.0000719411        0.0002278559
       -0.0033071601        0.0008157247       -0.0113789485
       -0.0005636099       -0.0016356202       -0.0078418894
        0.0019621847        0.0144521100        0.1818469994
       -0.0012916987       -0.0011168082        0.0010218276
       -0.0000644952        0.0000343132        0.0000300516
        0.0000089101       -0.0006672089        0.0004128611
        0.0000286855        0.0000739913        0.0003285160
       -0.0033884159        0.0005443220       -0.0259132476
       -0.1205152014       -0.1346687792       -0.0092528992
        0.0012747849       -0.0011919817       -0.0026426250
       -0.0053445934        0.1084848652       -0.0501210885
        0.0100467085       -0.0614296465        0.0687771234
        0.0006353960        0.0006823415        0.0004136143
        0.0009666828        0.0001815105        0.0007269583
       -0.0039571756       -0.0035000244       -0.0012916987
        0.1189936912        0.0899204630        0.0188413553
        0.0000987678       -0.0001791286       -0.0001094017
        0.0008709425        0.0006844645       -0.0000612029
        0.0003184126        0.0004715938        0.0006331124
       -0.0042976536        0.0004256726       -0.0183625594
       -0.1089274157       -0.3230358406        0.0698458218
        0.0061089950       -0.0018331264        0.0318945377
        0.0145917582        0.2037361213       -0.2012666356
        0.0045715069       -0.1262859590        0.1344094262
        0.0002953791        0.0004380762        0.0005506610
        0.0007486150        0.0005617406       -0.0002551275
       -0.0032561876       -0.0015866967       -0.0011168082
        0.0899204630        0.2515007909       -0.0168511528
        0.0001465897        0.0011497614       -0.0007929924
        0.0005355152       -0.0062017253        0.0023802608
       -0.0004375651        0.0011311850       -0.0004354316
       -0.0003568910        0.0013694855       -0.0039633363
       -0.0148490152        0.0251115441       -0.1637039272
       -0.0026927180       -0.0003600979       -0.0083168033
        0.0047981213       -0.0194249139       -0.0068235572
       -0.0040341601        0.0090152335       -0.0060943252
       -0.0006084285       -0.0000890076        0.0001633100
        0.0000851318       -0.0003901144        0.0003637555
       -0.0007103227       -0.0005329761        0.0010218276
        0.0188413553       -0.0168511528        0.1862011840
       -0.0003799540        0.0004948157        0.0002211397
       -0.0003289507        0.0018304488        0.0006451829
        0.0002358319       -0.0001732648        0.0002855497
        0.0548443737       -0.0308047202       -0.1075116372
       -0.0524883730        0.0524813749        0.1815583360
       -0.2355127522       -0.0297689189       -0.1418250827
       -0.0003410358        0.0004626654       -0.0009390929
        0.0006340110        0.0008541743        0.0004127311
        0.0003131815       -0.0003125034       -0.0000039362
        0.0001184459        0.0000852840       -0.0001436829
        0.0000411858       -0.0000141050       -0.0000644952
        0.0000987678        0.0001465897       -0.0003799540
        0.2446337548       -0.0027318915        0.0599772122
        0.0050201302       -0.0037823530       -0.0038623068
       -0.0173616896        0.0133844038        0.0127819085
        0.0262566669       -0.0130672248       -0.0516180210
        0.0093549018        0.0149814156        0.0609702676
       -0.0196200784       -0.1223388067       -0.1027088147
        0.0031021297       -0.0075517402        0.0014679368
       -0.0015125868        0.0003049445       -0.0002002340
       -0.0007308047       -0.0005691171        0.0001194624
       -0.0000669710        0.0003529305        0.0002900614
       -0.0000203597       -0.0000950039        0.0000343132
       -0.0001791286        0.0011497614        0.0004948157
       -0.0027318915        0.1192007393        0.0810758822
       -0.0015654205       -0.0002004542        0.0011424857
       -0.0122864572        0.0078325556        0.0089318448
        0.0645467086       -0.0361174149       -0.1260422475
       -0.0754926155        0.0699903745        0.2209447252
       -0.0661228329       -0.1071199559       -0.3165041239
       -0.0013983933        0.0031671514        0.0012120734
        0.0001551252        0.0000953649       -0.0000094991
       -0.0001074161       -0.0000082746        0.0003034270
       -0.0001928046       -0.0000113283       -0.0000226898
        0.0001204710       -0.0000145299        0.0000300516
       -0.0001094017       -0.0007929924        0.0002211397
        0.0599772122        0.0810758822        0.2293444529
        0.0243744663       -0.0140907932       -0.0120524745
       -0.0057505193        0.0038265162        0.0025751652
       -0.0876793711        0.0485751816        0.1721483867
        0.1871882273       -0.0656998604       -0.2558605745
       -0.4103043949        0.0084987333        0.1296464291
        0.0011138383       -0.0008653949       -0.0000808024
       -0.0009298807        0.0001934552       -0.0000917296
       -0.0000314481        0.0000054534        0.0001157275
       -0.0000946194        0.0000663951       -0.0000716447
        0.0003212132       -0.0001797864        0.0000089101
        0.0008709425        0.0005355152       -0.0003289507
        0.0050201302       -0.0015654205        0.0243744663
        0.3071266215        0.0087326485       -0.0433746033
       -0.0026012588        0.0017030800       -0.0264856144
       -0.0018539296        0.0036062013        0.0062300896
        0.0143394205        0.0020606088        0.0437775236
       -0.0153962909       -0.0783671822       -0.0195842583
       -0.0014839349        0.0023390084       -0.0005620682
        0.0001604096        0.0003211564       -0.0002996485
       -0.0000893173       -0.0000037630       -0.0000725803
        0.0001248178        0.0002403426       -0.0003256439
       -0.0004515681       -0.0003150455       -0.0006672089
        0.0006844645       -0.0062017253        0.0018304488
       -0.0037823530       -0.0002004542       -0.0140907932
        0.0087326485        0.0765312690       -0.0004286453
       -0.0009843670       -0.0000104164       -0.0158072154
        0.0148584111       -0.0092899109       -0.0286608040
       -0.0339533653        0.0098105379        0.0316024404
        0.0653969107       -0.0047619271       -0.0497851451
        0.0000611602       -0.0002405412        0.0014824346
       -0.0003668450        0.0001616290       -0.0000550220
       -0.0000407403        0.0000787502       -0.0000340648
        0.0000143428       -0.0001019435        0.0004127243
        0.0005165248        0.0005195438        0.0004128611
       -0.0000612029        0.0023802608        0.0006451829
       -0.0038623068        0.0011424857       -0.0120524745
       -0.0433746033       -0.0004286453        0.0605113688
        0.0008117139        0.0007297606       -0.0044795017
        0.0331070585       -0.0174963210       -0.0634847668
       -0.0282982334        0.0238504672        0.0702111179
       -0.1194953581        0.0114034564        0.0707277417
       -0.0003186763       -0.0009667910        0.0001504871
       -0.0006604293        0.0021695340        0.0001768592
        0.0002057517        0.0001307634       -0.0001212232
        0.0001645652        0.0001591818       -0.0001354187
       -0.0000294124        0.0001073344        0.0000286855
        0.0003184126       -0.0004375651        0.0002358319
       -0.0173616896       -0.0122864572       -0.0057505193
       -0.0026012588       -0.0009843670        0.0008117139
        0.1349692698       -0.0056492360       -0.0728505091
       -0.0206669922        0.0069282436        0.0480990165
       -0.0153774657       -0.0322820200       -0.0610738688
        0.0281144052       -0.0851835553       -0.0521114764
       -0.0008290766        0.0020481325        0.0002795265
        0.0002106927        0.0007525236       -0.0000834993
        0.0001070582        0.0002960810        0.0001441943
       -0.0016669974       -0.0012109606       -0.0003776620
        0.0001985342        0.0001668844        0.0000739913
        0.0004715938        0.0011311850       -0.0001732648
        0.0133844038        0.0078325556        0.0038265162
        0.0017030800       -0.0000104164        0.0007297606
       -0.0056492360        0.0995313465        0.0606667658
       -0.0801897109        0.0460593278        0.1551091608
        0.1072882527       -0.0398421118       -0.1619761892
        0.0589661943       -0.0592804766       -0.2619161080
       -0.0001155617       -0.0011616957        0.0001214436
       -0.0001999323        0.0001061332       -0.0005850525
       -0.0003487940       -0.0000639320       -0.0000365699
        0.0003205062        0.0005122409        0.0006212149
        0.0002001484        0.0003145506        0.0003285160
        0.0006331124       -0.0004354316        0.0002855497
        0.0127819085        0.0089318448        0.0025751652
       -0.0264856144       -0.0158072154       -0.0044795017
       -0.0728505091        0.0606667658        0.2699523712
