    3    9
        0.0000000000        0.0000000000       -0.0000000000
       -0.0000000000        0.0000000000        0.0000000000
       -0.0000000000        0.0000000000       -0.0000000000
        0.0000000000        0.3647576922       -0.2351460275
        0.0000000000       -0.3305710118        0.2023203829
        0.0000000000       -0.0341866804        0.0328256446
       -0.0000000000       -0.2351460275        0.2276984388
        0.0000000000        0.2679716721       -0.2381702774
       -0.0000000000       -0.0328256446        0.0104718386
       -0.0000000000        0.0000000000        0.0000000000
        0.0000000000        0.0000000000        0.0000000000
       -0.0000000000        0.0000000000        0.0000000000
        0.0000000000       -0.3305710118        0.2679716721
        0.0000000000        0.6611420236        0.0000000000
        0.0000000000       -0.3305710118       -0.2679716721
        0.0000000000        0.2023203829       -0.2381702774
        0.0000000000        0.0000000000        0.4763405548
        0.0000000000       -0.2023203829       -0.2381702774
       -0.0000000000        0.0000000000       -0.0000000000
       -0.0000000000        0.0000000000        0.0000000000
        0.0000000000       -0.0000000000       -0.0000000000
        0.0000000000       -0.0341866804       -0.0328256446
        0.0000000000       -0.3305710118       -0.2023203829
       -0.0000000000        0.3647576922        0.2351460275
       -0.0000000000        0.0328256446        0.0104718386
        0.0000000000       -0.2679716721       -0.2381702774
       -0.0000000000        0.2351460275        0.2276984388
