D2EZORDR
       14808832      959211399              0      958398464
              0    -1189085184      345844505    -1188446718
              0              0              0      958922752
     1646681869    -1191883737              0              0
              0    -1188954112              0      958398464
    -1514795164     1071077424     -655513742    -1077012157
              0              0     1361860212    -1076549613
     1643355621     1070196130              0              0
    -1538406563    -1079934742     -605542854     1067503237
              0    -1189085184     -655513742    -1077012157
     -234435843     1070409016              0      958398464
    -1477191555     1070671474      404529265    -1076986787
              0    -1189609472     -605542853    -1079980411
     1633507172     1065710146      345844504    -1188446718
              0              0              0      958398464
      345844500      960085506              0              0
              0              0      345844504    -1188446718
              0              0              0      958398464
              0              0     1361860211    -1076549613
    -1477191555     1070671474              0              0
     1361860207     1071982611              0              0
              0              0     1361860211    -1076549613
    -1477191554    -1076812174              0      959447040
     1643355621     1070196130      404529265    -1076986787
              0              0              0              0
      404529265     1071545437              0      959447040
     1643355621    -1077287518      404529266    -1076986787
     1646681869    -1191883737              0              0
              0    -1188954112      345844505    -1188446718
              0              0              0      958922752
       14808832      959211399              0    -1189085184
              0    -1189085184              0              0
    -1538406563    -1079934742     -605542854    -1079980411
              0              0     1361860212    -1076549613
     1643355620    -1077287518              0    -1189085184
    -1514795165     1071077424     -655513741     1070471491
              0    -1189609472     -605542853     1067503237
     1633507172     1065710146              0      958398464
    -1477191554    -1076812174      404529266    -1076986787
              0    -1189085184     -655513741     1070471491
     -234435844     1070409016
DIPDERIV
              0              0              0              0
              0              0              0              0
              0              0              0              0
              0              0              0              0
              0              0      536870912    -1113459323
              0    -1171617648    -2147483648      974408866
              0     1033403265              0    -1114715293
    -2147483648    -1111508307              0     1015283712
              0     1021030400     -875175636     1069687405
    -1879048192    -1112227281              0    -1167397638
              0      976860442              0    -1113427546
    -1073741824    -1113167843              0     1033228800
    -1860727054     1070474044      928890089    -1079143464
              0     1019379712
ORIENT3
    -1417937757     1016357233              0     1072693248
     1330070244    -1131128438     1545710835     1071916711
     -182313856     1013435129     -813796182     1072225212
     -813796182     1072225212    -1764189465    -1130584685
     1545710835    -1075566937
NORMCORD
     1219506792     1006913407      129420625     1066995558
      837747743     1070963847     1973178091     1012517975
     -808306521    -1078419053      700320797     1070082689
    -2011205970    -1076243822      129420668     1066995558
    -1099415629     1067741135    -1669686530     1069582576
      476984810     1014180087      780778935     1015115443
       48875219     1070578717       72027550     1013993120
     -220237427     1014978674     1529872922    -1131206773
      476984824     1014180087    -2002032745     1014748031
      237718897     1072667450    -2034946931    -1134850873
      529416927    -1135322826       14101827    -1079993819
    -2140813154    -1135136953      597276563    -1135743663
     1704648312     1013594827    -2034946920    -1134850873
      135719210    -1136449482    -1645430769     1013467187
      277471588     1069658068     1630551193    -1080948798
     1564738953    -1132233836     1815870220     1070348146
    -1331107352     1068857526    -1639917246    -1077381986
      277471589     1069658068      -53546634     1070053806
      145736964    -1135644792    -1791189133     1068279631
      653148163     1069889070      641979322    -1132237101
     -549635588     1064391027     -790885432     1069159870
      716536884     1072462443    -1791189155     1068279631
    -1481167063     1067679298      -26549384     1012346569
    -2122802351     1071399993     1694107946     1071545930
     1756591527    -1136367879     -622103715     1066346579
     -361521646    -1079417122     -819157370    -1080074556
    -2122802356     1071399993      264992852    -1075680255
      127605075    -1186079196      601103963     1071306097
    -1842733472     1071714637      656612782      957592839
     -930523149    -1132419925    -1691926385    -1078905628
     -302996656    -1130484932      601103967    -1076177551
    -1842733466     1071714637    -1588090322      959789348
     1057702002     1071783025    -1510346300    -1076278876
     -237090567    -1192830946     -642750929    -1127612146
    -1147858284     1068072543      410198607     1016785732
     1057701903    -1075700623    -1510346476    -1076278876
    -1386002425      957987782    -1640934489     1071702284
     1433291115    -1076142703     1487868807      903086288
      139902892    -1078918081    -1817916509    -1127890718
     1933626552     1016566924    -1640934366     1071702284
     1433291266     1071340945
