    1
        0.0000000000        0.0000000000        0.0000000000        0.0000000000
        0.0000000000       -0.0000000000        0.0000000000        0.0000000000
        0.0000000000        0.0000000000        0.0000000000        0.0000000000
    2
        0.0000000000        0.0000000000        0.0753128426       -0.0610514776
        0.0000000000        0.0000000000       -0.1506256852        0.0000000000
        0.0000000000        0.0000000000        0.0753128426        0.0610514776
    3
        0.0000000000        0.0000000000        0.0665401119        0.1495660973
        0.0000000000        0.0000000000        0.0000000000       -0.2991321946
        0.0000000000        0.0000000000       -0.0665401119        0.1495660973
