    3    9
        0.0000000000        0.0000000000        0.0000000000
       -0.0000000000       -0.0000000000        0.0000000000
       -0.0000000000        0.0000000000        0.0000000000
        0.0000000000        0.3647564339       -0.2351461180
       -0.0000000000       -0.3305689211        0.2023203948
        0.0000000000       -0.0341875128        0.0328257231
        0.0000000000       -0.2351461180        0.2276997979
       -0.0000000000        0.2679718411       -0.2381713477
        0.0000000000       -0.0328257231        0.0104715498
       -0.0000000000       -0.0000000000       -0.0000000000
        0.0000000000        0.0000000000        0.0000000000
       -0.0000000000        0.0000000000       -0.0000000000
       -0.0000000000       -0.3305689211        0.2679718411
        0.0000000000        0.6611378422        0.0000000000
        0.0000000000       -0.3305689211       -0.2679718411
        0.0000000000        0.2023203948       -0.2381713477
        0.0000000000        0.0000000000        0.4763426955
        0.0000000000       -0.2023203948       -0.2381713477
       -0.0000000000        0.0000000000        0.0000000000
       -0.0000000000        0.0000000000        0.0000000000
        0.0000000000        0.0000000000        0.0000000000
        0.0000000000       -0.0341875128       -0.0328257231
        0.0000000000       -0.3305689211       -0.2023203948
        0.0000000000        0.3647564339        0.2351461180
        0.0000000000        0.0328257231        0.0104715498
       -0.0000000000       -0.2679718411       -0.2381713477
        0.0000000000        0.2351461180        0.2276997979
