   12   72
        4.7575578524        0.1296675226        0.2070493692
        0.0226841783        0.0191073040        0.0393947053
        0.0502005375        0.0548518482       -0.0001976440
        0.0052642950       -0.0018802494        0.2075079963
       -0.1218831816        0.1088998623        0.2241179153
        0.2493073861        0.2498823755       -0.0967801588
       -0.0029130634       -0.0256197539        0.0508828632
        0.1853140056       -0.2486808037        0.0036008244
        0.0029401186       -0.0058002702        0.2294830541
        0.0033875348        0.0036039621        0.0016054642
        0.1296675226        4.6984756404        0.2857357011
       -0.0272780009       -0.0022073342       -0.0017026535
        0.0052244586        0.0728827392        0.0215878674
        0.0542256691        0.0330132491        0.0982075636
        0.1354128380       -0.0094604892       -0.0050682304
        0.0481747263       -0.0255683015       -0.1180143404
        0.2086233349        0.2506837786        0.2580201337
       -0.1314149014        0.2544085044       -0.0023597568
       -0.0003640845       -0.0024745102       -0.2426511914
        0.0045154855        0.0050757857       -0.0159672852
        0.2070493692        0.2857357011        4.0264028510
        0.4720800564       -0.0079095317       -0.0017907323
       -0.0010246847        0.0860605193        0.0062699747
        0.0109023074       -0.0313086751       -0.3150762860
        0.3326782538        0.3449735797        0.0570401492
       -0.0250910253       -0.0190323254        0.4988280301
        0.0798105267       -0.0315297757       -0.0182040226
        0.2749927147        0.0830445866        0.0032708750
       -0.0061034552        0.0098286880       -0.0210174708
       -0.0171184771       -0.0094694099       -0.0069097116
        0.0226841783       -0.0272780009        0.4720800564
        6.2256652010        0.0030239805        0.0024397328
       -0.0020619707       -0.0070975665       -0.0194932015
        0.0061297319        0.0073266136       -0.0519114679
       -0.1554372155        0.5613669830        0.0416530801
       -0.0032793075       -0.0022904926       -0.1241922487
       -0.0161252556        0.0030728651        0.0061871449
        0.1480871155       -0.0291767758       -0.0019859448
       -0.0023672832        0.0015184239        0.0235753896
        0.0063113334        0.0110734459        0.0048977629
        0.0191073040       -0.0022073342       -0.0079095317
        0.0030239805        5.3574735615        0.0152815929
        0.0140944447        0.0079144065        0.0091686193
       -0.0009076673       -0.0009248111       -0.0449247106
       -0.0252538847        0.0095957103       -0.0026657196
       -0.0704413994       -0.0700057596        0.0044587258
        0.0035340298        0.0006906425        0.0005873606
        0.0545730526       -0.0049926086        0.0015909303
       -0.1138725529        0.1138385449        0.0009200878
        0.0010157589       -0.0011429357       -0.0049859415
        0.0393947053       -0.0017026535       -0.0017907323
        0.0024397328        0.0152815929        5.3721215541
        0.0168996964        0.0083368038       -0.0006703377
       -0.0033173385        0.0031054491        0.0674435591
        0.0238782984        0.0040219765       -0.0669003225
       -0.0138244495       -0.0705154739       -0.0052857574
       -0.0037880383       -0.0051318965        0.0137582016
       -0.0210463409        0.0104607204        0.1096602495
        0.0040191330       -0.1153329745       -0.0063050198
       -0.0025716592        0.0023469303       -0.0007718489
        0.0502005375        0.0052244586       -0.0010246847
       -0.0020619707        0.0140944447        0.0168996964
        5.3344139128       -0.0090839000       -0.0012415074
        0.0078755229       -0.0022313751       -0.0068624622
        0.0072559094        0.0053767016       -0.0679891267
       -0.0713417089       -0.0083640015       -0.0185535823
        0.0001493592        0.0122792538        0.0011910924
       -0.0461129936       -0.0412427671       -0.1121234127
        0.1167302730       -0.0019412588        0.0380986258
       -0.0001109428       -0.0008648149        0.0054156836
        0.0548518482        0.0728827392        0.0860605193
       -0.0070975665        0.0079144065        0.0083368038
       -0.0090839000        5.2253687408        0.0087567327
       -0.0070948106        0.0043881447       -0.0987672969
       -0.0567992150       -0.0735847908        0.0025167285
       -0.0052915337        0.0317978135       -0.0409179302
        0.0029732577        0.0368657106       -0.0065982424
       -0.0933684814        0.0290709811       -0.0012006806
        0.0041208368        0.0002012519       -0.0037007109
        0.0009839361        0.0031405179       -0.0036761996
       -0.0001976440        0.0215878674        0.0062699747
       -0.0194932015        0.0091686193       -0.0006703377
       -0.0012415074        0.0087567327        5.3363092209
        0.0139009296        0.0136475202       -0.0167266008
        0.0720544932       -0.0007036425        0.0045121494
        0.0013831516        0.0003513119        0.0052960538
       -0.0034889119       -0.0700073369       -0.0721568388
        0.0109448808        0.0013579477       -0.0009716492
        0.0049796656        0.0005449823       -0.0016857137
       -0.0019526645       -0.1137498378        0.1159348821
        0.0052642950        0.0542256691        0.0109023074
        0.0061297319       -0.0009076673       -0.0033173385
        0.0078755229       -0.0070948106        0.0139009296
        5.3202177755        0.0134444868       -0.0630916748
       -0.0471006635        0.0071613113        0.0005244484
        0.0020450952        0.0120515477       -0.0209010707
       -0.0672196713       -0.0079345375       -0.0708443104
       -0.0417369979        0.0419698672       -0.0010067102
       -0.0053731713        0.0011294919       -0.0382463487
        0.1112885368        0.0034509039       -0.1207087606
       -0.0018802494        0.0330132491       -0.0313086751
        0.0073266136       -0.0009248111        0.0031054491
       -0.0022313751        0.0043881447        0.0136475202
        0.0134444868        5.4193139637        0.0791972496
       -0.0514782110       -0.0330785950       -0.0043294153
        0.0125583932       -0.0037937488       -0.0080562198
       -0.0637132681       -0.0652027187       -0.0026984960
        0.0264660256       -0.0363314088        0.0022845061
        0.0005042987       -0.0020504684        0.0062129314
       -0.1041577508        0.1075983230       -0.0003724627
        0.2075079963        0.0982075636       -0.3150762860
       -0.0519114679       -0.0449247106        0.0674435591
       -0.0068624622       -0.0987672969       -0.0167266008
       -0.0630916748        0.0791972496        1.6433783813
        0.5548591609       -0.1881074793       -0.0938409345
        0.1505985286        0.0164677240        0.1106085452
        0.0094891684       -0.1098979672        0.1490112312
       -0.2242882554       -0.5811508513       -0.0160001956
        0.0021468488        0.0067690992        0.5459991267
        0.0101077613       -0.0192617616       -0.0088764709
       -0.1218831816        0.1354128380        0.3326782538
       -0.1554372155       -0.0252538847        0.0238782984
        0.0072559094       -0.0567992150        0.0720544932
       -0.0471006635       -0.0514782110        0.5548591609
        1.7860629427       -0.0511969582       -0.0855087170
        0.0309689470        0.0359554829        0.1752824846
        0.1668634639       -0.1362399962       -0.0272073569
       -0.3450857450       -0.3531564793       -0.0244571261
       -0.0082116953       -0.0186737855        0.4523837811
       -0.0154224652        0.0036742531       -0.0120830875
        0.1088998623       -0.0094604892        0.3449735797
        0.5613669830        0.0095957103        0.0040219765
        0.0053767016       -0.0735847908       -0.0007036425
        0.0071613113       -0.0330785950       -0.1881074793
       -0.0511969582        1.5531131179        0.0485277247
       -0.0032921965        0.0097233712       -0.0580557145
       -0.0186227902        0.0017444154        0.0086904149
        0.1078482522        0.0701313598        0.0007194688
        0.0041274636       -0.0076795143       -0.0220462645
       -0.0107906363        0.0105628880       -0.0157663950
        0.2241179153       -0.0050682304        0.0570401492
        0.0416530801       -0.0026657196       -0.0669003225
       -0.0679891267        0.0025167285        0.0045121494
        0.0005244484       -0.0043294153       -0.0938409345
       -0.0855087170        0.0485277247        0.9251817027
        0.1303579978        0.1271010268        0.0118521610
        0.0130715939        0.0015235835       -0.0059738629
        0.1310348044        0.0153164723       -0.0026825636
        0.2409059102       -0.2399755806       -0.0202305893
        0.0039951089        0.0004889561       -0.0034147381
        0.2493073861        0.0481747263       -0.0250910253
       -0.0032793075       -0.0704413994       -0.0138244495
       -0.0713417089       -0.0052915337        0.0013831516
        0.0020450952        0.0125583932        0.1505985286
        0.0309689470       -0.0032921965        0.1303579978
        0.9524095925        0.1298033960        0.0129418038
       -0.0042649787       -0.0011627876        0.0364433240
       -0.0223313509        0.0276005458       -0.2406341417
       -0.0207867858        0.2359918567       -0.0213475364
        0.0008096651       -0.0020273515        0.0003583772
        0.2498823755       -0.0255683015       -0.0190323254
       -0.0022904926       -0.0700057596       -0.0705154739
       -0.0083640015        0.0317978135        0.0003513119
        0.0120515477       -0.0037937488        0.0164677240
        0.0359554829        0.0097233712        0.1271010268
        0.1298033960        0.9554521310       -0.0517756344
        0.0019289913        0.0086002187       -0.0012057972
       -0.0969970569       -0.1042201269        0.2425486273
       -0.2377333026        0.0227995620        0.0961856634
       -0.0009901286        0.0001373888        0.0058682558
       -0.0967801588       -0.1180143404        0.4988280301
       -0.1241922487        0.0044587258       -0.0052857574
       -0.0185535823       -0.0409179302        0.0052960538
       -0.0209010707       -0.0080562198        0.1106085452
        0.1752824846       -0.0580557145        0.0118521610
        0.0129418038       -0.0517756344        1.1331629555
        0.0141903204       -0.0575125152        0.0097215895
        0.2595889188       -0.0068540707       -0.0013228366
       -0.0068431552       -0.0125806661        0.0293599806
        0.0001617487        0.0157358391        0.0079540552
       -0.0029130634        0.2086233349        0.0798105267
       -0.0161252556        0.0035340298       -0.0037880383
        0.0001493592        0.0029732577       -0.0034889119
       -0.0672196713       -0.0637132681        0.0094891684
        0.1668634639       -0.0186227902        0.0130715939
       -0.0042649787        0.0019289913        0.0141903204
        0.9179761875        0.1284570290        0.1269738230
        0.0094775418       -0.0297156489       -0.0030616308
        0.0043545212        0.0002985213        0.0218826916
       -0.0024368834        0.2378816669       -0.2415241371
       -0.0256197539        0.2506837786       -0.0315297757
        0.0030728651        0.0006906425       -0.0051318965
        0.0122792538        0.0368657106       -0.0700073369
       -0.0079345375       -0.0652027187       -0.1098979672
       -0.1362399962        0.0017444154        0.0015235835
       -0.0011627876        0.0086002187       -0.0575125152
        0.1284570290        0.9539988217        0.1230061452
       -0.0635946758        0.0875564122        0.0013782456
       -0.0048965949        0.0002522071       -0.0967752665
       -0.2422136955       -0.0168053893        0.2367464309
        0.0508828632        0.2580201337       -0.0182040226
        0.0061871449        0.0005873606        0.0137582016
        0.0011910924       -0.0065982424       -0.0721568388
       -0.0708443104       -0.0026984960        0.1490112312
       -0.0272073569        0.0086904149       -0.0059738629
        0.0364433240       -0.0012057972        0.0097215895
        0.1269738230        0.1230061452        0.9384516394
        0.0205968754       -0.0152058129       -0.0008668012
       -0.0009805439        0.0015982866        0.0213048376
        0.2388103400       -0.2286867128        0.0165930974
        0.1853140056       -0.1314149014        0.2749927147
        0.1480871155        0.0545730526       -0.0210463409
       -0.0461129936       -0.0933684814        0.0109448808
       -0.0417369979        0.0264660256       -0.2242882554
       -0.3450857450        0.1078482522        0.1310348044
       -0.0223313509       -0.0969970569        0.2595889188
        0.0094775418       -0.0635946758        0.0205968754
        1.0468362766       -0.0942408091       -0.0067045523
       -0.0128077310       -0.0055917648        0.0486644794
        0.0289122271        0.0122272651        0.0339594545
       -0.2486808037        0.2544085044        0.0830445866
       -0.0291767758       -0.0049926086        0.0104607204
       -0.0412427671        0.0290709811        0.0013579477
        0.0419698672       -0.0363314088       -0.5811508513
       -0.3531564793        0.0701313598        0.0153164723
        0.0276005458       -0.1042201269       -0.0068540707
       -0.0297156489        0.0875564122       -0.0152058129
       -0.0942408091        1.0664802974       -0.0046836161
        0.0040510592        0.0064493079       -0.9777727875
       -0.0038506506        0.0105177783        0.0071730365
        0.0036008244       -0.0023597568        0.0032708750
       -0.0019859448        0.0015909303        0.1096602495
       -0.1121234127       -0.0012006806       -0.0009716492
       -0.0010067102        0.0022845061       -0.0160001956
       -0.0244571261        0.0007194688       -0.0026825636
       -0.2406341417        0.2425486273       -0.0013228366
       -0.0030616308        0.0013782456       -0.0008668012
       -0.0067045523       -0.0046836161        0.7480291288
       -0.3572144680       -0.3652943970       -0.0041603062
       -0.0066417987        0.0015796100       -0.0001549017
        0.0029401186       -0.0003640845       -0.0061034552
       -0.0023672832       -0.1138725529        0.0040191330
        0.1167302730        0.0041208368        0.0049796656
       -0.0053731713        0.0005042987        0.0021468488
       -0.0082116953        0.0041274636        0.2409059102
       -0.0207867858       -0.2377333026       -0.0068431552
        0.0043545212       -0.0048965949       -0.0009805439
       -0.0128077310        0.0040510592       -0.3572144680
        0.7510942154       -0.3580580468       -0.0045569659
        0.0008738787        0.0012219452       -0.0091919031
       -0.0058002702       -0.0024745102        0.0098286880
        0.0015184239        0.1138385449       -0.1153329745
       -0.0019412588        0.0002012519        0.0005449823
        0.0011294919       -0.0020504684        0.0067690992
       -0.0186737855       -0.0076795143       -0.2399755806
        0.2359918567        0.0227995620       -0.0125806661
        0.0002985213        0.0002522071        0.0015982866
       -0.0055917648        0.0064493079       -0.3652943970
       -0.3580580468        0.7517735824       -0.0062341073
        0.0017334544       -0.0059414355        0.0017116189
        0.2294830541       -0.2426511914       -0.0210174708
        0.0235753896        0.0009200878       -0.0063050198
        0.0380986258       -0.0037007109       -0.0016857137
       -0.0382463487        0.0062129314        0.5459991267
        0.4523837811       -0.0220462645       -0.0202305893
       -0.0213475364        0.0961856634        0.0293599806
        0.0218826916       -0.0967752665        0.0213048376
        0.0486644794       -0.9777727875       -0.0041603062
       -0.0045569659       -0.0062341073        0.9789962967
       -0.0028583124       -0.0061183041       -0.0053430900
        0.0033875348        0.0045154855       -0.0171184771
        0.0063113334        0.0010157589       -0.0025716592
       -0.0001109428        0.0009839361       -0.0019526645
        0.1112885368       -0.1041577508        0.0101077613
       -0.0154224652       -0.0107906363        0.0039951089
        0.0008096651       -0.0009901286        0.0001617487
       -0.0024368834       -0.2422136955        0.2388103400
        0.0289122271       -0.0038506506       -0.0066417987
        0.0008738787        0.0017334544       -0.0028583124
        0.7484343944       -0.3607954916       -0.3596736735
        0.0036039621        0.0050757857       -0.0094694099
        0.0110734459       -0.0011429357        0.0023469303
       -0.0008648149        0.0031405179       -0.1137498378
        0.0034509039        0.1075983230       -0.0192617616
        0.0036742531        0.0105628880        0.0004889561
       -0.0020273515        0.0001373888        0.0157358391
        0.2378816669       -0.0168053893       -0.2286867128
        0.0122272651        0.0105177783        0.0015796100
        0.0012219452       -0.0059414355       -0.0061183041
       -0.3607954916        0.7509324212       -0.3632096516
        0.0016054642       -0.0159672852       -0.0069097116
        0.0048977629       -0.0049859415       -0.0007718489
        0.0054156836       -0.0036761996        0.1159348821
       -0.1207087606       -0.0003724627       -0.0088764709
       -0.0120830875       -0.0157663950       -0.0034147381
        0.0003583772        0.0058682558        0.0079540552
       -0.2415241371        0.2367464309        0.0165930974
        0.0339594545        0.0071730365       -0.0001549017
       -0.0091919031        0.0017116189       -0.0053430900
       -0.3596736735       -0.3632096516        0.7826456940
