    1    1                  0.1045765226
    2    2                  0.0372775436
    3    3                  0.1955499079
    4    4                  1.4924864328
    5    5                  1.4184102496
    6    6                  1.1048161498
    7    7                  2.8903216766
    8    8                  2.9674234109
    9    9                  3.2989857576
   10   10                  0.8367695746
   11   11                  1.7992402576
   12   12                  4.3166415395
   13   13                  2.8738053871
   14   14                  3.0808645220
   15   15                  1.3133978247
   16   16                  1.3703792436
   17   17                  1.7062240827
   18   18                  1.3295411680
   19   19                  1.3641016972
   20   20                  1.4552407771
   21   21                  1.3877494306
   22   22                  1.4148581304
   23   23                  1.4366673632
   24   24                  5.3665561560
   25   25                  5.3773962624
   26   26                  5.1880403478
   27   27                  5.2966809334
   28   28                  5.3273582091
   29   29                  5.3353859872
   30   30                  5.3709835116
    0
