   12   72
        0.1045765226       -0.0000000001        0.0000000001
       -0.0000000000        0.0000000004        0.0000000002
        0.0000000004        0.0000000004       -0.0000000004
       -0.0000000002        0.0000000004       -0.0000000019
       -0.0000000001       -0.0000000007       -0.0000000001
       -0.0000000005        0.0000000000       -0.0000000003
        0.0000000003        0.0000000001        0.0000000009
       -0.0000000000       -0.0000000013        0.0000000004
        0.0000000034        0.0000000009       -0.0000000003
       -0.0000000026       -0.0000000014        0.0000000016
       -0.0000000001        0.0372775436        0.0000000001
        0.0000000002       -0.0000000000       -0.0000000000
        0.0000000000       -0.0000000005        0.0000000002
       -0.0000000003        0.0000000001       -0.0000000003
       -0.0000000003        0.0000000008       -0.0000000005
       -0.0000000000       -0.0000000011       -0.0000000002
       -0.0000000000       -0.0000000002       -0.0000000004
       -0.0000000000       -0.0000000005       -0.0000000002
       -0.0000000003       -0.0000000026        0.0000000017
       -0.0000000011        0.0000000025        0.0000000004
        0.0000000001        0.0000000001        0.1955499079
       -0.0000000006       -0.0000000005        0.0000000006
        0.0000000004        0.0000000011       -0.0000000015
        0.0000000001        0.0000000006       -0.0000000007
       -0.0000000007        0.0000000014        0.0000000007
        0.0000000012        0.0000000005       -0.0000000011
       -0.0000000011        0.0000000005       -0.0000000002
       -0.0000000001       -0.0000000005        0.0000000027
        0.0000000064        0.0000000030       -0.0000000002
        0.0000000011        0.0000000051        0.0000000005
       -0.0000000000        0.0000000002       -0.0000000006
        1.4924864328       -0.0000000002        0.0000000005
        0.0000000003        0.0000000018       -0.0000000008
        0.0000000003        0.0000000006       -0.0000000022
        0.0000000001        0.0000000012        0.0000000008
        0.0000000020        0.0000000005       -0.0000000009
       -0.0000000016        0.0000000007        0.0000000004
       -0.0000000003        0.0000000009        0.0000000005
        0.0000000026        0.0000000037        0.0000000006
       -0.0000000007        0.0000000017        0.0000000034
        0.0000000004       -0.0000000000       -0.0000000005
       -0.0000000002        1.4184102496       -0.0000000000
       -0.0000000000        0.0000000003       -0.0000000022
       -0.0000000006        0.0000000004        0.0000000012
       -0.0000000007       -0.0000000005        0.0000000010
       -0.0000000002        0.0000000006       -0.0000000004
       -0.0000000001        0.0000000004       -0.0000000006
        0.0000000003       -0.0000000004        0.0000000033
        0.0000000029       -0.0000000009        0.0000000024
        0.0000000015        0.0000000011        0.0000000030
        0.0000000002       -0.0000000000        0.0000000006
        0.0000000005       -0.0000000000        1.1048161498
       -0.0000000002       -0.0000000010        0.0000000017
       -0.0000000000        0.0000000001       -0.0000000000
        0.0000000005       -0.0000000006       -0.0000000005
       -0.0000000007       -0.0000000010        0.0000000008
        0.0000000003       -0.0000000001        0.0000000002
        0.0000000005        0.0000000005       -0.0000000039
       -0.0000000027       -0.0000000032        0.0000000057
       -0.0000000019       -0.0000000031       -0.0000000053
        0.0000000004        0.0000000000        0.0000000004
        0.0000000003       -0.0000000000       -0.0000000002
        2.8903216766       -0.0000000003        0.0000000003
       -0.0000000002        0.0000000014        0.0000000001
        0.0000000002       -0.0000000002        0.0000000000
        0.0000000001        0.0000000009        0.0000000003
        0.0000000002        0.0000000007        0.0000000003
        0.0000000013       -0.0000000004        0.0000000016
       -0.0000000011       -0.0000000010        0.0000000004
        0.0000000007       -0.0000000014        0.0000000009
        0.0000000004       -0.0000000005        0.0000000011
        0.0000000018        0.0000000003       -0.0000000010
       -0.0000000003        2.9674234109       -0.0000000012
        0.0000000006       -0.0000000001       -0.0000000008
        0.0000000001       -0.0000000006       -0.0000000003
        0.0000000004       -0.0000000006       -0.0000000008
       -0.0000000002       -0.0000000003       -0.0000000013
       -0.0000000006       -0.0000000009       -0.0000000000
        0.0000000007        0.0000000016       -0.0000000021
       -0.0000000011        0.0000000052        0.0000000047
       -0.0000000004        0.0000000002       -0.0000000015
       -0.0000000008       -0.0000000022        0.0000000017
        0.0000000003       -0.0000000012        3.2989857576
       -0.0000000000       -0.0000000011       -0.0000000009
       -0.0000000011        0.0000000009       -0.0000000012
        0.0000000005       -0.0000000012       -0.0000000001
       -0.0000000007       -0.0000000001        0.0000000005
       -0.0000000006       -0.0000000004        0.0000000045
       -0.0000000000       -0.0000000008       -0.0000000024
        0.0000000016        0.0000000013        0.0000000025
       -0.0000000002       -0.0000000003        0.0000000001
        0.0000000003       -0.0000000006       -0.0000000000
       -0.0000000002        0.0000000006       -0.0000000000
        0.8367695746        0.0000000002        0.0000000010
        0.0000000004       -0.0000000001        0.0000000001
        0.0000000001       -0.0000000005       -0.0000000002
        0.0000000001        0.0000000006        0.0000000005
       -0.0000000000       -0.0000000004       -0.0000000000
       -0.0000000029       -0.0000000005       -0.0000000010
       -0.0000000037       -0.0000000002       -0.0000000010
        0.0000000004        0.0000000001        0.0000000006
        0.0000000006        0.0000000004        0.0000000001
        0.0000000014       -0.0000000001       -0.0000000011
        0.0000000002        1.7992402576       -0.0000000004
        0.0000000002        0.0000000013        0.0000000003
        0.0000000005       -0.0000000003        0.0000000001
        0.0000000010       -0.0000000001       -0.0000000005
        0.0000000003        0.0000000003        0.0000000035
        0.0000000030       -0.0000000035       -0.0000000004
        0.0000000040        0.0000000016        0.0000000009
       -0.0000000019       -0.0000000003       -0.0000000007
       -0.0000000022        0.0000000012       -0.0000000000
        0.0000000001       -0.0000000008       -0.0000000009
        0.0000000010       -0.0000000004        4.3166415395
       -0.0000000020        0.0000000011       -0.0000000004
        0.0000000009       -0.0000000024        0.0000000012
        0.0000000008       -0.0000000005       -0.0000000002
        0.0000000012        0.0000000007       -0.0000000003
       -0.0000000033        0.0000000027        0.0000000047
        0.0000000028        0.0000000012       -0.0000000001
       -0.0000000001       -0.0000000003       -0.0000000007
        0.0000000001       -0.0000000007        0.0000000005
        0.0000000002        0.0000000001       -0.0000000011
        0.0000000004        0.0000000002       -0.0000000020
        2.8738053871        0.0000000000       -0.0000000004
       -0.0000000011        0.0000000005       -0.0000000001
       -0.0000000004        0.0000000011        0.0000000021
       -0.0000000002       -0.0000000000        0.0000000026
        0.0000000014       -0.0000000001       -0.0000000059
       -0.0000000046       -0.0000000040       -0.0000000022
       -0.0000000007        0.0000000008        0.0000000014
        0.0000000012       -0.0000000005       -0.0000000006
       -0.0000000002       -0.0000000006        0.0000000009
       -0.0000000001        0.0000000013        0.0000000011
        0.0000000000        3.0808645220        0.0000000007
        0.0000000005       -0.0000000008        0.0000000002
        0.0000000000       -0.0000000005        0.0000000003
        0.0000000017       -0.0000000002       -0.0000000042
       -0.0000000053        0.0000000010        0.0000000063
       -0.0000000015        0.0000000028       -0.0000000009
       -0.0000000001       -0.0000000005        0.0000000007
        0.0000000008        0.0000000010       -0.0000000005
        0.0000000000       -0.0000000003       -0.0000000012
        0.0000000001        0.0000000003       -0.0000000004
       -0.0000000004        0.0000000007        1.3133978247
        0.0000000000        0.0000000003       -0.0000000008
        0.0000000004        0.0000000003        0.0000000007
        0.0000000008       -0.0000000001        0.0000000009
       -0.0000000008       -0.0000000010        0.0000000022
       -0.0000000018        0.0000000003       -0.0000000007
       -0.0000000005       -0.0000000000        0.0000000012
        0.0000000020       -0.0000000002       -0.0000000007
        0.0000000001        0.0000000004        0.0000000005
        0.0000000001        0.0000000005        0.0000000009
       -0.0000000011        0.0000000005        0.0000000000
        1.3703792436       -0.0000000009        0.0000000004
        0.0000000001        0.0000000001       -0.0000000004
        0.0000000001        0.0000000001        0.0000000019
       -0.0000000029        0.0000000004       -0.0000000013
       -0.0000000010       -0.0000000005        0.0000000003
        0.0000000000       -0.0000000011        0.0000000005
        0.0000000005        0.0000000006       -0.0000000010
        0.0000000009       -0.0000000006       -0.0000000012
       -0.0000000005       -0.0000000003       -0.0000000024
        0.0000000005       -0.0000000008        0.0000000003
       -0.0000000009        1.7062240827        0.0000000004
        0.0000000008       -0.0000000005        0.0000000011
       -0.0000000000        0.0000000002        0.0000000013
       -0.0000000004        0.0000000029       -0.0000000014
        0.0000000019       -0.0000000006        0.0000000058
       -0.0000000003       -0.0000000002       -0.0000000011
       -0.0000000009       -0.0000000004        0.0000000008
        0.0000000003       -0.0000000008       -0.0000000001
       -0.0000000002        0.0000000001        0.0000000012
       -0.0000000001        0.0000000002       -0.0000000008
        0.0000000004        0.0000000004        1.3295411680
       -0.0000000010        0.0000000009       -0.0000000002
       -0.0000000001       -0.0000000000        0.0000000022
       -0.0000000019       -0.0000000033       -0.0000000003
        0.0000000004       -0.0000000012        0.0000000006
        0.0000000003       -0.0000000000       -0.0000000011
       -0.0000000016       -0.0000000001        0.0000000003
        0.0000000002       -0.0000000002       -0.0000000007
        0.0000000001        0.0000000010        0.0000000008
       -0.0000000004        0.0000000000        0.0000000004
        0.0000000001        0.0000000008       -0.0000000010
        1.3641016972       -0.0000000004        0.0000000007
        0.0000000008       -0.0000000009       -0.0000000005
       -0.0000000028        0.0000000012        0.0000000008
        0.0000000004       -0.0000000036       -0.0000000008
        0.0000000001       -0.0000000002        0.0000000005
        0.0000000007        0.0000000004       -0.0000000001
        0.0000000007       -0.0000000003       -0.0000000001
        0.0000000006       -0.0000000001       -0.0000000005
        0.0000000011       -0.0000000005        0.0000000003
        0.0000000001       -0.0000000005        0.0000000009
       -0.0000000004        1.4552407771        0.0000000006
        0.0000000008        0.0000000004       -0.0000000040
       -0.0000000028       -0.0000000007       -0.0000000011
       -0.0000000011       -0.0000000006        0.0000000018
        0.0000000009       -0.0000000004       -0.0000000002
        0.0000000004       -0.0000000006        0.0000000002
        0.0000000003       -0.0000000013        0.0000000005
        0.0000000005       -0.0000000005       -0.0000000002
        0.0000000021        0.0000000003        0.0000000007
       -0.0000000004        0.0000000011       -0.0000000002
        0.0000000007        0.0000000006        1.3877494306
       -0.0000000007        0.0000000004        0.0000000011
        0.0000000028        0.0000000016       -0.0000000002
       -0.0000000034       -0.0000000025       -0.0000000018
       -0.0000000000       -0.0000000000       -0.0000000001
       -0.0000000003        0.0000000003        0.0000000005
        0.0000000013       -0.0000000006       -0.0000000006
       -0.0000000000        0.0000000003        0.0000000012
       -0.0000000002        0.0000000017        0.0000000008
        0.0000000001       -0.0000000000       -0.0000000001
        0.0000000008        0.0000000008       -0.0000000007
        1.4148581304        0.0000000004       -0.0000000004
       -0.0000000007       -0.0000000028       -0.0000000012
       -0.0000000001        0.0000000007       -0.0000000024
       -0.0000000013       -0.0000000005       -0.0000000005
        0.0000000009       -0.0000000004        0.0000000005
       -0.0000000004       -0.0000000009       -0.0000000004
       -0.0000000004        0.0000000003        0.0000000007
       -0.0000000000       -0.0000000002       -0.0000000001
        0.0000000001        0.0000000002       -0.0000000000
       -0.0000000009        0.0000000004        0.0000000004
        0.0000000004        1.4366673632       -0.0000000025
       -0.0000000011       -0.0000000013       -0.0000000005
        0.0000000035       -0.0000000002        0.0000000010
        0.0000000004       -0.0000000002        0.0000000027
        0.0000000005        0.0000000033       -0.0000000039
        0.0000000016       -0.0000000000        0.0000000045
       -0.0000000000        0.0000000035       -0.0000000003
        0.0000000026       -0.0000000042        0.0000000009
        0.0000000019        0.0000000013        0.0000000022
       -0.0000000005       -0.0000000040        0.0000000011
       -0.0000000004       -0.0000000025        5.3665561560
        0.0000000023       -0.0000000020       -0.0000000036
       -0.0000000020        0.0000000033       -0.0000000008
        0.0000000034       -0.0000000003        0.0000000064
        0.0000000026        0.0000000029       -0.0000000027
       -0.0000000011        0.0000000007       -0.0000000000
       -0.0000000029        0.0000000030       -0.0000000033
        0.0000000014       -0.0000000053       -0.0000000008
       -0.0000000029       -0.0000000004       -0.0000000019
       -0.0000000028       -0.0000000028        0.0000000028
       -0.0000000007       -0.0000000011        0.0000000023
        5.3773962624        0.0000000026        0.0000000023
       -0.0000000027        0.0000000023       -0.0000000003
        0.0000000009       -0.0000000026        0.0000000030
        0.0000000037       -0.0000000009       -0.0000000032
       -0.0000000010        0.0000000016       -0.0000000008
       -0.0000000005       -0.0000000035        0.0000000027
       -0.0000000001        0.0000000010       -0.0000000010
        0.0000000004        0.0000000029       -0.0000000033
        0.0000000012       -0.0000000007        0.0000000016
       -0.0000000028       -0.0000000013       -0.0000000020
        0.0000000026        5.1880403478       -0.0000000006
       -0.0000000027        0.0000000018        0.0000000024
       -0.0000000003        0.0000000017       -0.0000000002
        0.0000000006        0.0000000024        0.0000000057
        0.0000000004       -0.0000000021       -0.0000000024
       -0.0000000010       -0.0000000004        0.0000000047
       -0.0000000059        0.0000000063        0.0000000022
       -0.0000000013       -0.0000000014       -0.0000000003
        0.0000000008       -0.0000000011       -0.0000000002
       -0.0000000012       -0.0000000005       -0.0000000036
        0.0000000023       -0.0000000006        5.2966809334
       -0.0000000046       -0.0000000006       -0.0000000039
       -0.0000000026       -0.0000000011        0.0000000011
       -0.0000000007        0.0000000015       -0.0000000019
        0.0000000007       -0.0000000011        0.0000000016
       -0.0000000037        0.0000000040        0.0000000028
       -0.0000000046       -0.0000000015       -0.0000000018
       -0.0000000010        0.0000000019        0.0000000004
        0.0000000004       -0.0000000011       -0.0000000034
       -0.0000000001        0.0000000035       -0.0000000020
       -0.0000000027       -0.0000000027       -0.0000000046
        5.3273582091        0.0000000026       -0.0000000003
       -0.0000000014        0.0000000025        0.0000000051
        0.0000000017        0.0000000011       -0.0000000031
       -0.0000000014        0.0000000052        0.0000000013
       -0.0000000002        0.0000000016        0.0000000012
       -0.0000000040        0.0000000028        0.0000000003
       -0.0000000005       -0.0000000006       -0.0000000012
       -0.0000000036       -0.0000000006       -0.0000000025
        0.0000000007       -0.0000000002        0.0000000033
        0.0000000023        0.0000000018       -0.0000000006
        0.0000000026        5.3353859872        0.0000000009
        0.0000000016        0.0000000004        0.0000000005
        0.0000000034        0.0000000030       -0.0000000053
        0.0000000009        0.0000000047        0.0000000025
       -0.0000000010        0.0000000009       -0.0000000001
       -0.0000000022       -0.0000000009       -0.0000000007
        0.0000000003        0.0000000058        0.0000000006
       -0.0000000008        0.0000000018       -0.0000000018
       -0.0000000024        0.0000000010       -0.0000000008
       -0.0000000003        0.0000000024       -0.0000000039
       -0.0000000003        0.0000000009        5.3709835116
