ZMAT begin
1 2
1 3
1 4
2 1 3
3 1 4
4 1 2
2 1 4 3 O
3 1 2 4 O
4 1 3 2 O
ZMAT end

cart begin
 SI         0.00000000     0.00000000    -0.08388410
 H          2.31431345    -1.34132865     0.77619929
 H          0.00446795     2.67491856     0.77619930
 H         -2.31878141    -1.33358992     0.77619929
---
 SI        -0.08313564    -0.00000000    -0.00000000
 H          0.76927368    -1.33284055    -2.30854755
 H          0.76927368     2.66568110     0.00000000
 H          0.76927368    -1.33284055     2.30854755
cart end 
