                    25                     0
   1.08845802396245     
 -0.409599919733718     
  0.156982807915133     
  7.265814955929512E-002
 -2.894020058973564E-002
  5.849210198356564E-003
 -4.521087653545321E-002
  1.688651989890675E-002
 -2.591970523796670E-003
  3.127366767815078E-003
  0.000000000000000E+000
  0.000000000000000E+000
  0.000000000000000E+000
  0.000000000000000E+000
  1.937255863085367E-003
 -4.599065734261038E-003
  3.161276789606828E-003
 -1.597112324823771E-003
  1.341813706869353E-003
  0.000000000000000E+000
   2.00173554765467     
  0.363957946922677     
 -0.188983651311559     
  4.558478140726508E-002
 -4.052931284635377E-002
  0.000000000000000E+000
 -1.086116438990970E-002
   1.69206054164395     
 -0.209662422813104     
  8.794555946247598E-002
 -2.073056817171112E-002
  2.504611462646592E-003
  0.000000000000000E+000
 -1.603392485544661E-003
 -0.106212797912988     
  9.620430556365493E-002
 -0.795837951179126     
  0.269653062303242     
 -3.279625592321329E-002
  4.692015309078349E-002
  0.000000000000000E+000
  4.185057610706039E-006
 -1.873775800522153E-004
 -1.266086356042906E-006
   1.02091714733058     
  0.637673902105470     
 -0.253184328207214     
  5.927284074368497E-002
  6.621930929830113E-003
  0.000000000000000E+000
  6.800896252285267E-003
 -0.270460964956674     
 -0.316511398777654     
  4.684872162193923E-005
   1.28534215102522     
  0.000000000000000E+000
  0.000000000000000E+000
  0.000000000000000E+000
  0.000000000000000E+000
  5.725463862586110E-002
  0.000000000000000E+000
  0.000000000000000E+000
  0.000000000000000E+000
  0.000000000000000E+000
  0.000000000000000E+000
   1.69213251932406     
  0.117742749017800     
 -3.989981635393396E-002
  4.856556546232087E-003
 -6.936192844430119E-003
  0.000000000000000E+000
 -2.412902939935941E-006
  2.929080972958605E-006
 -4.101580954023042E-005
 -0.150935167220613     
  1.562946238237238E-004
  0.000000000000000E+000
  2.231468634305809E-002
 -4.549591904729028E-002
  2.127776978516363E-002
 -5.072352166353499E-003
  2.745979693708058E-003
  0.000000000000000E+000
 -2.278020157406263E-003
 -0.114562049432917     
  1.712740019548540E-002
  1.806658884377406E-004
 -1.869168547597800E-002
  0.000000000000000E+000
 -2.977362633378854E-005
  8.862978111407250E-003
  0.000000000000000E+000
  0.000000000000000E+000
  0.000000000000000E+000
  0.000000000000000E+000
  4.475989717443126E-003
  0.000000000000000E+000
  0.000000000000000E+000
  0.000000000000000E+000
  0.000000000000000E+000
  0.000000000000000E+000
  0.132285661717976     
  0.000000000000000E+000
  0.000000000000000E+000
  1.034168192876119E-002
 -1.350091097109819E-003
  4.616968109589861E-004
 -1.053620812532666E-004
 -8.620446649847818E-005
  0.000000000000000E+000
  9.458265559088899E-005
  3.620066534364114E-003
  7.856814679603730E-004
  1.848318043542849E-005
 -4.351578152414670E-003
  0.000000000000000E+000
 -3.269537299441481E-006
 -1.328875478492437E-004
  0.000000000000000E+000
  1.921454169384675E-005
 -2.998535802317654E-002
  1.016089912323517E-002
 -1.236341891779042E-003
  1.767449349427574E-003
  0.000000000000000E+000
 -1.220900485029018E-006
 -1.731497473924973E-005
  4.728342958814454E-006
  3.845194477171331E-002
 -1.198412244433687E-005
  0.000000000000000E+000
 -5.684841897712932E-003
  7.959518575177164E-006
  0.000000000000000E+000
  7.208573536049632E-007
  1.448258871622391E-003
  0.000000000000000E+000
  0.000000000000000E+000
  0.000000000000000E+000
  0.000000000000000E+000
  4.530434510406416E-007
  0.000000000000000E+000
  0.000000000000000E+000
  0.000000000000000E+000
  0.000000000000000E+000
  0.000000000000000E+000
  1.338947506388417E-005
  0.000000000000000E+000
  0.000000000000000E+000
  1.046747550002641E-006
  0.000000000000000E+000
  0.000000000000000E+000
  1.059479919208637E-010
  7.860509324202172E-003
 -3.084474002329887E-003
  7.205978306800345E-004
  1.164949364559503E-004
  0.000000000000000E+000
  5.101539871087265E-005
 -4.816661551907677E-003
 -3.955702208578299E-003
 -1.420597378456027E-005
  1.662950918805207E-002
  0.000000000000000E+000
  4.204315894916740E-006
 -1.462930604931947E-004
  0.000000000000000E+000
 -5.848214774947398E-005
 -7.023061521215208E-007
  0.000000000000000E+000
  2.162121395098119E-004
  0.000000000000000E+000
  0.000000000000000E+000
  0.000000000000000E+000
  0.000000000000000E+000
  1.137669754111238E-003
  0.000000000000000E+000
  0.000000000000000E+000
  0.000000000000000E+000
  0.000000000000000E+000
  0.000000000000000E+000
  3.362326674984019E-002
  0.000000000000000E+000
  0.000000000000000E+000
  2.628562503425784E-003
  0.000000000000000E+000
  0.000000000000000E+000
  2.660535664743017E-007
  0.000000000000000E+000
  6.681061051781626E-004
 -6.510418227092353E-003
  2.622777191370900E-003
 -6.152357494267679E-004
 -3.029046995747213E-005
  0.000000000000000E+000
 -1.455980543017616E-004
  1.196595017543563E-003
  3.170020740617926E-003
 -4.277206650868214E-006
 -1.227793103563740E-002
  0.000000000000000E+000
 -9.347785954752599E-007
  2.791806083424383E-004
  0.000000000000000E+000
  3.926760605562723E-005
 -1.855120148344245E-008
  0.000000000000000E+000
 -1.577299917603379E-004
  0.000000000000000E+000
  1.184623857047107E-004
 -0.153522906829547     
  1.127327430369911E-002
  2.143426154334241E-002
  2.796828110067220E-002
  0.000000000000000E+000
 -4.585581850213886E-003
  0.363612576048939     
 -0.209298049443116     
  0.796414099976165     
  0.636403362912216     
  0.000000000000000E+000
 -0.117660296604926     
 -4.517028731287423E-002
  0.000000000000000E+000
 -1.317270025205885E-003
  2.998542953313153E-002
  0.000000000000000E+000
  7.821240297206341E-003
  0.000000000000000E+000
 -6.503970272000456E-003
   1.08782020628012     
  1.126281335948107E-002
  1.435505735020717E-002
 -1.157568474929886E-002
 -7.905408658607008E-003
  0.000000000000000E+000
  3.154813878003280E-003
 -0.188824984572097     
  8.776819346175685E-002
 -0.269755214536409     
 -0.252569447272791     
  0.000000000000000E+000
  3.984785246631427E-002
  2.115894419207477E-002
  0.000000000000000E+000
  4.500864454916715E-004
 -1.015544672323307E-002
  0.000000000000000E+000
 -3.068849097097552E-003
  0.000000000000000E+000
  2.618762651605880E-003
 -0.409141525105761     
  0.156727552328556     
 -2.139532189182563E-002
  1.157012423809778E-002
 -3.735593308538048E-003
 -4.279295743525433E-004
  0.000000000000000E+000
  1.596152734189069E-003
 -4.561200918524412E-002
  2.071727326956223E-002
 -3.293316927291922E-002
 -5.921056643342591E-002
  0.000000000000000E+000
  4.861068554422162E-003
  5.061624406760478E-003
  0.000000000000000E+000
  1.039086980459875E-004
 -1.239299482716484E-003
  0.000000000000000E+000
 -7.188178793027767E-004
  0.000000000000000E+000
  6.149091812567892E-004
 -7.268501853864577E-002
  2.893421115522150E-002
  5.853819465138414E-003
  2.798545717462938E-002
 -7.922746720986806E-003
  4.300932531715709E-004
 -1.184027279396163E-003
  0.000000000000000E+000
  1.337502318508290E-003
 -4.044372098234154E-002
  2.461485652156868E-003
 -4.685445785535012E-002
  6.751776980840242E-003
  0.000000000000000E+000
  6.927718243171629E-003
  2.720438996764042E-003
  0.000000000000000E+000
 -8.819686441203436E-005
 -1.764490951308038E-003
  0.000000000000000E+000
  1.194576499660774E-004
  0.000000000000000E+000
 -3.126078555404303E-005
 -4.508915363874051E-002
  1.683183426805808E-002
  2.587476691719979E-003
  3.118106040050879E-003
  0.000000000000000E+000
  0.000000000000000E+000
  0.000000000000000E+000
  0.000000000000000E+000
  1.936286579296071E-003
  0.000000000000000E+000
  0.000000000000000E+000
  0.000000000000000E+000
  0.000000000000000E+000
  0.000000000000000E+000
  5.722599192299674E-002
  0.000000000000000E+000
  0.000000000000000E+000
  4.473750207238593E-003
  0.000000000000000E+000
  0.000000000000000E+000
  4.528167759373122E-007
  0.000000000000000E+000
  1.137100534076216E-003
  0.000000000000000E+000
  0.000000000000000E+000
  0.000000000000000E+000
  0.000000000000000E+000
  0.000000000000000E+000
  1.935317780476821E-003
