    1
        0.0000000000        0.0000000000        0.0000000000        0.0000000000
        0.0000000000       -0.0000000000        0.0000000000        0.0000000000
        0.0000000000        0.0000000000        0.0000000000        0.0000000000
    2
        0.0000000000        0.0000000000        0.0865665862       -0.0679645779
        0.0000000000        0.0000000000       -0.1731331725        0.0000000000
        0.0000000000        0.0000000000        0.0865665862        0.0679645779
    3
        0.0000000000        0.0000000000        0.0655141397        0.1566234344
        0.0000000000        0.0000000000        0.0000000000       -0.3132468689
        0.0000000000        0.0000000000       -0.0655141397        0.1566234344
