D2EZORDR
     1398579382      959335842              0              0
              0              0     1686039037    -1188305155
              0              0              0    -1188036608
     1995289996    -1192020697              0              0
              0      957874176              0              0
     -640213123     1071179699      168962233    -1076895568
              0              0     -922848575    -1076433268
      458365704     1070317384              0              0
      227199855    -1080061327    -1157613887     1067484575
              0              0      168962233    -1076895568
       -8223191     1070439344              0    -1189085184
      -60220624     1070727435    -1991782854    -1076956638
              0      956301312    -1157613889    -1079999073
    -1672183541     1065707288     1686039036    -1188305155
              0              0              0    -1188036608
     1686039031      960227069              0              0
              0              0     1686039036    -1188305155
              0              0              0    -1188036608
              0              0     -922848576    -1076433268
      -60220623     1070727435              0              0
     -922848581     1072098956              0              0
              0              0     -922848576    -1076433268
      -60220623    -1076756213              0    -1188036608
      458365703     1070317384    -1991782855    -1076956638
              0              0              0              0
    -1991782856     1071575586              0    -1188036608
      458365703    -1077166264    -1991782855    -1076956638
     1995289996    -1192020697              0              0
              0      957874176     1686039037    -1188305155
              0              0              0    -1188036608
     1398579382      959335842              0              0
              0              0              0              0
      227199855    -1080061327    -1157613887    -1079999073
              0              0     -922848575    -1076433268
      458365704    -1077166264              0              0
     -640213123     1071179699      168962233     1070588080
              0      956301312    -1157613889     1067484575
    -1672183541     1065707288              0    -1189085184
      -60220624    -1076756213    -1991782855    -1076956638
              0              0      168962233     1070588080
       -8223190     1070439344
DIPDERIV
              0              0              0              0
              0              0              0              0
              0              0              0              0
              0              0              0              0
              0              0              0    -1115331096
    -1073741824     1035200712    -1073741824      979463754
              0      976978165    -1073741824    -1112886153
     -134217728    -1112869430              0    -1132462080
              0    -1127424000    -1305014085     1069849271
              0     1033048338              0     1030895392
    -2147483648    -1168756458              0    -1168406817
    -2147483648     1035104312     1879048192    -1112438980
      597952716     1070542005     -366017664    -1078970131
              0    -1129054208
ORIENT3
      930908326    -1129079568              0     1072693248
     1914175016    -1129675598    -1402629199     1071891148
     -559631940     1018595940    -1894202408     1072245606
    -1894202408     1072245606    -1818869622     1016919141
    -1402629199    -1075592500
NORMCORD
     1315267693     1013490894      278444874     1070918499
      546112687     1070855821     -387008154    -1136489628
     1807733294     1068010228       91486979    -1079627188
    -1940970621     1072012342      278444871     1070918499
      568984431    -1076264160      -33754167     1013546021
     1626543599     1069977097      401275657     1071263858
      800276270    -1149688105      742716288    -1077699624
     1802022516    -1081789271       70765224    -1076043113
     1626543604     1069977097    -1365146128    -1076132932
     2067613120     1070462367     -377597433    -1133266465
     1982922074     1013656062      448197931     1070537704
     -538868687    -1133232263     1196339961     1013568936
     1048128767     1014907647     -377597433    -1133266465
      409757846     1013481810      726958877     1072626603
     -826032255    -1134531267     1848899577     1013327810
    -1044212517    -1079110453     1735058625    -1135521056
     1310986255     1013974480     1217575404    -1135200357
     -826032266    -1134531267     1697522718     1014298559
    -1261076754     1016180932    -1418361674     1069593753
     1004434026    -1077667330      902772594     1013903883
     -123857558     1069499668      401214846    -1077577968
    -1995017318    -1075975141    -1418361673     1069593753
     -202004334    -1077488607     -326163259    -1134945656
     1950079251     1070492254      991904940     1070782698
    -2064802952     1011703387     1820948693     1069602678
      515400799     1069836246     -490848393    -1076520643
     1950079258     1070492254      965868377     1066987198
    -1928527648      960795162     -371516239     1071288091
     -101919793     1071720872     1861165990    -1189147824
      562311549    -1135973325     -852017656    -1078899342
    -1701800537     1011722626     -371516235    -1076195557
     -101919794     1071720872    -1243482520    -1189783987
     -496049255     1071789641     -710047637    -1076295844
     1075745808      955259316       67455650     1018691834
    -1252250260     1068055437    -1238260663    -1129797920
     -496049208    -1075694007     -710047557    -1076295844
      412751232      957356737     1904450306     1071715136
      275124932    -1076178981      106064341    -1193957944
    -1966784375    -1078905125      777662228     1018560741
     -763844671    -1129776052     1904450249     1071715136
      275124863     1071304667
