        0.0004042112        0.3299179371        0.5572973207        0.3532742557
       -0.0006224289       -0.1553333646       -0.1888441193       -0.1367496289
        0.0005678774        0.0371025727        0.0229829003        0.0319291091
       -0.0004855803       -0.0208179825       -0.0328274847        0.0072398514
       -1.0003983654       -0.0081214510        0.0000002531        0.0022195521
       -0.0022974332        0.8703950163       -0.0002167344       -0.2973843662
        0.0013974439       -0.1230406647       -0.0001808260       -0.1815520918
       -0.0000003638       -0.0000334738       -0.7144634548        0.0007377759
        0.0000010105        0.0000248784        0.1056283223       -0.0000090998
       -0.0025780467        0.1156618758        0.0007809560        0.7932755825
        0.0016739369       -0.0665158249       -0.0001254645       -0.0020775683
        0.0000356663       -0.0009317897       -0.0000023149       -0.0037334018
        0.0000007272       -0.0000096913       -0.0269096438        0.0000203535
       -0.0000268765        0.0001562128       -0.0000182972       -0.0066350141
        0.0004008600        0.3295610302       -0.5570014603        0.3536224583
       -0.0006206004       -0.1551518149        0.1886477212       -0.1367601646
       -0.0005673493       -0.0371085227        0.0230162460       -0.0319342732
       -0.0004839448       -0.0207499664        0.0327984172        0.0072471747
        0.0989078757        0.0453733403        1.6040490028        1.3356453248
        0.7783263931        1.4251533598       -1.4926953281       -1.2200515296
        0.0173820883        0.0206983287       -0.0732087953       -0.2972428861
       -0.0163900896       -0.0171210620        0.1506976364        0.0645306041
        0.0519648328        0.0000337654        0.0001990300       -0.0667257029
       -0.1419424057       -0.0000580620        0.0012827949       -0.5079634873
       -0.9190157950       -0.0007818168       -0.0017480929        0.6230398110
       -0.0004922226        0.4133623606        0.3871201459        0.0004676292
       -0.0003837464        0.4796818737        0.2824244004        0.0013145553
       -0.2791120632       -0.0003267265        0.0009193162       -0.4897996556
       -0.2104365753       -0.0003853045       -0.0008456733        0.2445235309
        0.0035948960        0.0000048608        0.0000603158       -0.0270560855
        0.0000013976        0.0211615863       -0.1116328424       -0.0003755395
        0.0008885644        0.0000084383       -0.0001262737        0.0254978804
        0.0990875324       -0.0454416770       -1.6106613068        1.3278979091
        0.7792614003       -1.4240365569        1.4990048085       -1.2134908795
       -0.0174015316        0.0206629088       -0.0745595649        0.2968758169
       -0.0163508430        0.0170553027       -0.1508393509        0.0633086508
        0.9449744982        0.6384064397        0.5875803366        1.4144576768
       -0.3644492872        0.5073454295       -0.4981207319       -0.3201378232
        0.0788434811        0.2985205623        0.3398091027        0.3675024073
       -0.2526447034       -0.1912626386        0.5391925801        0.0104544791
       -0.0053955436        0.0000143060       -0.1937926568        0.7263525342
       -0.2385309161        0.0003342909       -1.0059555977        3.1409704524
       -0.6058593757       -0.0002761206        1.0405941763       -4.8404602506
       -0.0000369715       -1.0736971521       -0.0000707597        0.0003186720
        0.0006343558        2.2548434945       -0.0002619442       -0.0003154913
        1.0925586117       -0.0003240001        0.1887787832       -0.1620822578
       -1.7850635640        0.0000468933       -0.8388946655       -0.8941847819
       -0.0001887309        0.0000152077       -0.0155598374       -0.0434441874
        0.0000423105        0.0449422647        0.0001238093        0.0000774624
        0.0077718659        0.0000142940       -0.0519954675       -0.0214839978
        0.9437034683       -0.6397352218        0.5871517513        1.4130533849
       -0.3653052322       -0.5064737523       -0.4978695703       -0.3199489693
       -0.0786521277        0.2988881072       -0.3391084962       -0.3677194397
       -0.2524257757        0.1911085628        0.5396074272        0.0115419714
        0.6454384896        0.4859020462        0.8162627830        0.4859942075
       -0.2341710268        0.0849693768       -0.2464859037       -0.2105139785
       -0.4735511168        0.7188639902        0.7459372777        0.3410694580
       -0.6955553401       -0.5450347139       -0.5514427045        0.3215659109
       -0.0003161877        0.0027779063       -0.2774746039        0.0823735276
       -0.0014004224        0.0149408818       -1.4296788391        0.3003243979
        0.0017668029        0.0009840440        0.0278253331       -0.6890199780
        0.0012941311        1.2168360788        0.0137609244       -0.0001019302
        0.8857490317       -0.4183948896       -0.0049285125       -0.0006175001
        0.0002406548        0.0103145929       -0.9821480352       -0.0150467135
       -0.0003422603       -0.0025820780        0.2749605731       -0.5149592200
        0.0000181423        0.0006937217       -0.0617732855        0.1043809547
       -0.0298638325       -0.1374744041       -0.0017888031       -0.0014385196
       -0.0000025383       -0.0004293828        0.0322268163        0.5200159523
       -0.6461592210       -0.5042065705        0.8038035124        0.4863676246
        0.2342978784       -0.0796203784       -0.2476975410       -0.2105743034
       -0.4723005399        0.7365942050       -0.7295941652       -0.3405265598
        0.6960266864        0.5564662785       -0.5377666248        0.3214750641
        2.1168457599        1.8491540709
       -0.8690136281       -0.6379649034
        0.6206221521        0.6036478177
       -0.4896781322       -0.5016740048
        0.1465741685       -0.0001395053
        0.3609145732       -0.0007489875
       -2.4861822420       -0.0023503257
       -0.0003120563        0.6811091072
       -0.0011109152        0.8244984607
       -0.5916717571       -0.0014403407
       -0.6686598157       -0.0012113768
        0.3124054921        0.0002812752
       -0.0004535527        1.3272236050
       -0.2140946524        0.0007302618
        2.1176484739       -1.8429922065
       -0.8690416151        0.6352462741
       -0.6221034885        0.6028755788
       -0.4894316066        0.4999191384
        0.0311227880        0.0086186792        0.6860258553        0.7661105954
        0.9198186015       -1.4100793161       -0.0007092490       -0.0278341177
        0.0719085597        1.6740217057        0.0007719767       -0.6206980521
        0.0000072783        0.0000250971       -0.1316267969        0.0000947326
        0.0182771183       -0.0034680474        0.0000208101        0.1606832892
        0.0311072160        0.0091515762       -0.6863736543        0.7656914858
        0.3982624472        0.3721987379
        0.0171177764       -0.0000461337
       -0.3205756941       -0.0014758449
       -0.0052026373        1.0652778821
       -1.0436081309       -0.0052570038
        0.4012231580       -0.3684248794
