                    25                     0
   1.08010003123397     
 -0.401252537158233     
  0.152130688855746     
  7.132859358581412E-002
 -2.813884473435297E-002
  5.690142073545746E-003
 -4.589369970025136E-002
  1.691586722841188E-002
 -2.607163330217969E-003
  3.174469520054272E-003
  0.000000000000000E+000
  0.000000000000000E+000
  0.000000000000000E+000
  0.000000000000000E+000
  1.913921852769279E-003
 -3.939397279028442E-003
  2.853889549965984E-003
 -1.476217642271997E-003
  1.309987661998936E-003
  0.000000000000000E+000
   2.00164767705482     
  0.352537254197974     
 -0.184320838774048     
  4.362556109300351E-002
 -4.094974999792173E-002
  0.000000000000000E+000
 -1.040030952381379E-002
   1.70096739643443     
 -0.208747072664062     
  8.688161408992716E-002
 -2.041167993007548E-002
  2.808358039801009E-003
  0.000000000000000E+000
 -1.791414334518711E-003
 -9.922137270864605E-002
  9.498864240102664E-002
 -0.789152565999684     
  0.261880501412882     
 -3.180799936829608E-002
  4.724894678379368E-002
  0.000000000000000E+000
  4.514569969581357E-006
 -2.077602456744875E-004
 -2.755992910300495E-005
   1.02100836457625     
  0.641773245829810     
 -0.252951353939514     
  5.930418371889397E-002
  4.989545348688705E-003
  0.000000000000000E+000
  7.093864958457699E-003
 -0.272237253632344     
 -0.315021869361170     
  5.625608317825332E-005
   1.27110163190410     
  0.000000000000000E+000
  0.000000000000000E+000
  0.000000000000000E+000
  0.000000000000000E+000
  5.695520961821414E-002
  0.000000000000000E+000
  0.000000000000000E+000
  0.000000000000000E+000
  0.000000000000000E+000
  0.000000000000000E+000
   1.69489464680132     
  0.110711468895036     
 -3.674480777227695E-002
  4.466733214150714E-003
 -6.622979944781815E-003
  0.000000000000000E+000
 -2.527689338120868E-006
 -6.865849352463913E-006
 -3.705447163846447E-005
 -0.143131085662854     
  1.574583800012801E-004
  0.000000000000000E+000
  2.006499687752882E-002
 -4.587174294487662E-002
  2.129777306226520E-002
 -5.016438571604136E-003
  2.758532591796088E-003
  0.000000000000000E+000
 -2.407874453702452E-003
 -0.112229306046648     
  1.720561015316156E-002
  1.826151793401366E-004
 -2.157403103149085E-002
  0.000000000000000E+000
 -2.836118590850670E-005
  8.682517076656220E-003
  0.000000000000000E+000
  0.000000000000000E+000
  0.000000000000000E+000
  0.000000000000000E+000
  4.426410987965498E-003
  0.000000000000000E+000
  0.000000000000000E+000
  0.000000000000000E+000
  0.000000000000000E+000
  0.000000000000000E+000
  0.131722810579316     
  0.000000000000000E+000
  0.000000000000000E+000
  1.023715477517128E-002
 -1.545494691066312E-003
  5.407243639301840E-004
 -1.255773894162845E-004
 -7.577077559423647E-005
  0.000000000000000E+000
  6.905196330872685E-005
  3.399078180700521E-003
  8.599882952462971E-004
  2.111102409462089E-005
 -4.469994565631516E-003
  0.000000000000000E+000
 -3.541937255231174E-006
 -9.797546468057563E-005
  0.000000000000000E+000
  1.935499232800903E-005
 -2.966663380186398E-002
  9.845872185482170E-003
 -1.196382419470747E-003
  1.775863421231264E-003
  0.000000000000000E+000
 -1.203733729357315E-006
 -1.755805694736272E-005
  3.486959963513410E-006
  3.836939378507874E-002
 -1.099054166881798E-005
  0.000000000000000E+000
 -5.378853801008667E-003
  7.980321797999011E-006
  0.000000000000000E+000
  8.206956505805525E-007
  1.441918271601192E-003
  0.000000000000000E+000
  0.000000000000000E+000
  0.000000000000000E+000
  0.000000000000000E+000
  5.405430361414840E-007
  0.000000000000000E+000
  0.000000000000000E+000
  0.000000000000000E+000
  0.000000000000000E+000
  0.000000000000000E+000
  1.608568389903610E-005
  0.000000000000000E+000
  0.000000000000000E+000
  1.250137580686963E-006
  0.000000000000000E+000
  0.000000000000000E+000
  1.526638997816368E-010
  8.086388338803313E-003
 -3.155375702930356E-003
  7.390259112054941E-004
  9.187405007837022E-005
  0.000000000000000E+000
  5.928984759560991E-005
 -4.691052224133452E-003
 -4.013430528753776E-003
 -1.579129169047243E-005
  1.665439116007878E-002
  0.000000000000000E+000
  4.380570541181900E-006
 -2.026518185560806E-004
  0.000000000000000E+000
 -6.024074245010676E-005
 -7.565161822831143E-007
  0.000000000000000E+000
  2.189816190837185E-004
  0.000000000000000E+000
  0.000000000000000E+000
  0.000000000000000E+000
  0.000000000000000E+000
  1.134410047620925E-003
  0.000000000000000E+000
  0.000000000000000E+000
  0.000000000000000E+000
  0.000000000000000E+000
  0.000000000000000E+000
  3.375820280319817E-002
  0.000000000000000E+000
  0.000000000000000E+000
  2.623599857215826E-003
  0.000000000000000E+000
  0.000000000000000E+000
  3.203879251826176E-007
  0.000000000000000E+000
  6.723817664139723E-004
 -6.540893647737002E-003
  2.614651339000173E-003
 -6.134485217892097E-004
 -1.610327448413374E-005
  0.000000000000000E+000
 -1.283418109043368E-004
  1.291974043432931E-003
  3.153442233507479E-003
 -5.319732404148458E-006
 -1.218439659444726E-002
  0.000000000000000E+000
 -8.386332859507259E-007
  3.006272832366563E-004
  0.000000000000000E+000
  4.088575012209774E-005
 -6.417946829743823E-008
  0.000000000000000E+000
 -1.587408766336117E-004
  0.000000000000000E+000
  1.178551265115140E-004
 -0.141165101754915     
  4.086340944021244E-003
  2.205751825531604E-002
  2.717909882839134E-002
  0.000000000000000E+000
 -3.927166880405343E-003
  0.352195684038277     
 -0.208391543259533     
  0.789835362114726     
  0.640390856302236     
  0.000000000000000E+000
 -0.110640734760147     
 -4.554057803768732E-002
  0.000000000000000E+000
 -1.508176520372876E-003
  2.967159472907906E-002
  0.000000000000000E+000
  8.042943705181599E-003
  0.000000000000000E+000
 -6.534767184808723E-003
   1.07947403141099     
  4.076668702844011E-003
  1.759192793745055E-002
 -1.177939775447679E-002
 -7.330680478288966E-003
  0.000000000000000E+000
  2.848017723733251E-003
 -0.184164023756064     
  8.670925090629655E-002
 -0.262021208858592     
 -0.252307242731473     
  0.000000000000000E+000
  3.669896849094172E-002
  2.117883159986398E-002
  0.000000000000000E+000
  5.278137674832885E-004
 -9.842310908723015E-003
  0.000000000000000E+000
 -3.138588143584956E-003
  0.000000000000000E+000
  2.610774376101668E-003
 -0.400798492121514     
  0.151878965938477     
 -2.201505915379923E-002
  1.177343424041217E-002
 -3.701380794989191E-003
 -3.428364385388537E-004
  0.000000000000000E+000
  1.475487794607071E-003
 -4.365895768518969E-002
  2.039957866897530E-002
 -3.196132978267111E-002
 -5.923896209018141E-002
  0.000000000000000E+000
  4.472843357176368E-003
  5.006119283391395E-003
  0.000000000000000E+000
  1.239700356564573E-004
 -1.200063155591755E-003
  0.000000000000000E+000
 -7.371173599539436E-004
  0.000000000000000E+000
  6.131473242974864E-004
 -7.136323019749061E-002
  2.813545664318297E-002
  5.695477933281175E-003
  2.719951679563337E-002
 -7.349700883944878E-003
  3.452747447349116E-004
 -1.197318118746973E-003
  0.000000000000000E+000
  1.305624339204158E-003
 -4.085958514771595E-002
  2.762748257860324E-003
 -4.718010525692752E-002
  5.136293143595519E-003
  0.000000000000000E+000
  6.614671533390609E-003
  2.731708408768045E-003
  0.000000000000000E+000
 -7.810399477091458E-005
 -1.772773409271340E-003
  0.000000000000000E+000
  9.525469335516140E-005
  0.000000000000000E+000
 -1.715069858424683E-005
 -4.576227099900988E-002
  1.685745486027489E-002
  2.602506411168355E-003
  3.164290942705018E-003
  0.000000000000000E+000
  0.000000000000000E+000
  0.000000000000000E+000
  0.000000000000000E+000
  1.912950221557065E-003
  0.000000000000000E+000
  0.000000000000000E+000
  0.000000000000000E+000
  0.000000000000000E+000
  0.000000000000000E+000
  5.692629544949656E-002
  0.000000000000000E+000
  0.000000000000000E+000
  4.424163853858235E-003
  0.000000000000000E+000
  0.000000000000000E+000
  5.402686213399079E-007
  0.000000000000000E+000
  1.133834147299748E-003
  0.000000000000000E+000
  0.000000000000000E+000
  0.000000000000000E+000
  0.000000000000000E+000
  0.000000000000000E+000
  1.911979083608048E-003
