    1
        0.0000000000        0.0000000000        0.0000000000        0.0000000000
        0.0000000000       -0.0000000000        0.0000000000        0.0000000000
        0.0000000000        0.0000000000        0.0000000000        0.0000000000
    2
        0.0000000000        0.0000000000        0.0753146989       -0.0610525578
        0.0000000000        0.0000000000       -0.1506293978        0.0000000000
        0.0000000000        0.0000000000        0.0753146989        0.0610525578
    3
        0.0000000000        0.0000000000        0.0665402539        0.1495671007
        0.0000000000        0.0000000000        0.0000000000       -0.2991342015
        0.0000000000        0.0000000000       -0.0665402539        0.1495671007
